150222B1.CXS,H,0,442,442
150222B2.CXS,H,0,442,442
150222F1.CXS,H,0,442,442
150222F2.CXS,H,0,442,442
150223B1.CXS,H,0,82,82
150223B2.CXS,H,0,82,82
150223F1.CXS,H,0,82,82
150223F2.CXS,H,0,82,82
150224B1.CXS,H,0,446,446
150224B2.CXS,H,0,446,446
150224F1.CXS,H,0,446,446
150224F2.CXS,H,0,446,446
150225B1.CXS,H,1,445,446
150225B2.CXS,H,2,444,446
150225F1.CXS,H,0,446,446
150225F2.CXS,H,0,446,446
150226B1.CXS,H,34,409,443
150226B2.CXS,H,20,423,443
150226F1.CXS,H,1,442,443
150226F2.CXS,H,3,440,443
150227B1.CXS,H,31,416,447
150227B2.CXS,H,22,425,447
150227F1.CXS,H,0,447,447
150227F2.CXS,H,8,439,447
150228B1.CXS,H,31,415,446
150228B2.CXS,H,17,429,446
150228F1.CXS,H,1,445,446
150228F2.CXS,H,4,442,446
150301B1.CXS,H,33,412,445
150301B2.CXS,H,21,424,445
150301F1.CXS,H,0,445,445
150301F2.CXS,H,11,434,445
150302B1.CXS,H,41,406,447
150302B2.CXS,H,25,422,447
150302F1.CXS,H,0,447,447
150302F2.CXS,H,12,435,447
150303B1.CXS,H,34,410,444
150303B2.CXS,H,17,427,444
150303F1.CXS,H,0,444,444
150303F2.CXS,H,7,437,444
150304B1.CXS,H,36,409,445
150304B2.CXS,H,17,428,445
150304F1.CXS,H,4,441,445
150304F2.CXS,H,6,439,445
150305B1.CXS,H,38,409,447
150305B2.CXS,H,20,427,447
150305F1.CXS,H,0,447,447
150305F2.CXS,H,7,440,447
150306B1.CXS,H,26,420,446
150306B2.CXS,H,15,431,446
150306F1.CXS,H,2,444,446
150306F2.CXS,H,5,441,446
150307B1.CXS,H,20,422,442
150307B2.CXS,H,8,434,442
150307F1.CXS,H,0,442,442
150307F2.CXS,H,3,439,442
150308B1.CXS,H,33,414,447
150308B2.CXS,H,12,435,447
150308F1.CXS,H,0,447,447
150308F2.CXS,H,3,444,447
150309B1.CXS,H,27,364,391
150309B2.CXS,H,20,371,391
150309F1.CXS,H,1,390,391
150309F2.CXS,H,3,388,391
150310B1.CXS,H,1,47,48
150310B2.CXS,H,1,47,48
150310F1.CXS,H,0,48,48
150310F2.CXS,H,0,48,48
150311B1.CXS,H,21,424,445
150311B2.CXS,H,16,429,445
150311F1.CXS,H,0,445,445
150311F2.CXS,H,4,441,445
150312B1.CXS,H,21,426,447
150312B2.CXS,H,16,431,447
150312F1.CXS,H,0,447,447
150312F2.CXS,H,1,446,447
150313B1.CXS,H,20,427,447
150313B2.CXS,H,15,432,447
150313F1.CXS,H,0,447,447
150313F2.CXS,H,4,443,447
150314B1.CXS,H,30,417,447
150314B2.CXS,H,15,432,447
150314F1.CXS,H,0,447,447
150314F2.CXS,H,5,442,447
150315B1.CXS,H,34,410,444
150315B2.CXS,H,14,430,444
150315F1.CXS,H,0,444,444
150315F2.CXS,H,4,440,444
150316B1.CXS,H,33,413,446
150316B2.CXS,H,14,432,446
150316F1.CXS,H,0,446,446
150316F2.CXS,H,3,443,446
150317B1.CXS,H,33,401,434
150317B2.CXS,H,14,420,434
150317F1.CXS,H,0,434,434
150317F2.CXS,H,1,433,434
150318B1.CXS,H,28,412,440
150318B2.CXS,H,19,421,440
150318F1.CXS,H,0,440,440
150318F2.CXS,H,7,433,440
150319B1.CXS,H,35,408,443
150319B2.CXS,H,16,427,443
150319F1.CXS,H,0,443,443
150319F2.CXS,H,3,440,443
150320B1.CXS,H,38,404,442
150320B2.CXS,H,20,422,442
150320F1.CXS,H,0,442,442
150320F2.CXS,H,3,439,442
150321B1.CXS,H,26,421,447
150321B2.CXS,H,17,430,447
150321F1.CXS,H,2,445,447
150321F2.CXS,H,5,442,447
150322B1.CXS,H,21,426,447
150322B2.CXS,H,14,433,447
150322F1.CXS,H,1,446,447
150322F2.CXS,H,0,447,447
150323B1.CXS,H,22,422,444
150323B2.CXS,H,17,427,444
150323F1.CXS,H,0,444,444
150323F2.CXS,H,0,444,444
150324B1.CXS,H,31,415,446
150324B2.CXS,H,24,422,446
150324F1.CXS,H,0,446,446
150324F2.CXS,H,0,446,446
150325B1.CXS,H,33,411,444
150325B2.CXS,H,12,432,444
150325F1.CXS,H,0,444,444
150325F2.CXS,H,1,443,444
150326B1.CXS,H,25,409,434
150326B2.CXS,H,17,417,434
150326F1.CXS,H,1,433,434
150326F2.CXS,H,1,433,434
150327B1.CXS,H,31,416,447
150327B2.CXS,H,16,431,447
150327F1.CXS,H,0,447,447
150327F2.CXS,H,3,444,447
150328B1.CXS,H,30,415,445
150328B2.CXS,H,7,438,445
150328F1.CXS,H,0,445,445
150328F2.CXS,H,1,444,445
150329B1.CXS,H,23,419,442
150329B2.CXS,H,16,426,442
150329F1.CXS,H,0,442,442
150329F2.CXS,H,3,439,442
150330B1.CXS,H,34,407,441
150330B2.CXS,H,9,432,441
150330F1.CXS,H,0,441,441
150330F2.CXS,H,0,441,441
150331B1.CXS,H,28,416,444
150331B2.CXS,H,23,421,444
150331F1.CXS,H,0,444,444
150331F2.CXS,H,1,443,444
150401B1.CXS,H,22,419,441
150401B2.CXS,H,15,426,441
150401F1.CXS,H,0,441,441
150401F2.CXS,H,2,439,441
150402B1.CXS,H,30,412,442
150402B2.CXS,H,19,423,442
150402F1.CXS,H,0,442,442
150402F2.CXS,H,0,442,442
150403B1.CXS,H,32,409,441
150403B2.CXS,H,13,428,441
150403F1.CXS,H,0,441,441
150403F2.CXS,H,0,441,441
150404B1.CXS,H,7,437,444
150404B2.CXS,H,3,441,444
150404F1.CXS,H,0,444,444
150404F2.CXS,H,0,444,444
150405B1.CXS,H,34,412,446
150405B2.CXS,H,21,425,446
150405F1.CXS,H,0,446,446
150405F2.CXS,H,3,443,446
150406B1.CXS,H,22,417,439
150406B2.CXS,H,14,425,439
150406F1.CXS,H,0,439,439
150406F2.CXS,H,6,433,439
150407B1.CXS,H,23,422,445
150407B2.CXS,H,22,423,445
150407F1.CXS,H,0,445,445
150407F2.CXS,H,0,445,445
150408B1.CXS,H,20,424,444
150408B2.CXS,H,21,423,444
150408F1.CXS,H,0,444,444
150408F2.CXS,H,0,444,444
150409B1.CXS,H,27,397,424
150409B2.CXS,H,15,409,424
150409F1.CXS,H,0,424,424
150409F2.CXS,H,2,422,424
150410B1.CXS,H,19,420,439
150410B2.CXS,H,16,423,439
150410F1.CXS,H,2,437,439
150410F2.CXS,H,4,435,439
150411B1.CXS,H,29,409,438
150411B2.CXS,H,19,419,438
150411F1.CXS,H,0,438,438
150411F2.CXS,H,5,433,438
150412B1.CXS,H,31,412,443
150412B2.CXS,H,19,424,443
150412F1.CXS,H,0,443,443
150412F2.CXS,H,2,441,443
150413B1.CXS,H,23,424,447
150413B2.CXS,H,17,430,447
150413F1.CXS,H,0,447,447
150413F2.CXS,H,3,444,447
150414B1.CXS,H,28,418,446
150414B2.CXS,H,50,396,446
150414F1.CXS,H,0,446,446
150414F2.CXS,H,40,406,446
150415B1.CXS,H,30,413,443
150415B2.CXS,H,20,423,443
150415F1.CXS,H,2,441,443
150415F2.CXS,H,5,438,443
150416B1.CXS,H,24,418,442
150416B2.CXS,H,15,427,442
150416F1.CXS,H,1,441,442
150416F2.CXS,H,8,434,442
150417B1.CXS,H,21,270,291
150417B2.CXS,H,15,276,291
150417F1.CXS,H,5,286,291
150417F2.CXS,H,3,288,291
150418B1.CXS,H,31,414,445
150418B2.CXS,H,55,390,445
150418F1.CXS,H,1,444,445
150418F2.CXS,H,43,402,445
150419B1.CXS,H,23,420,443
150419B2.CXS,H,6,437,443
150419F1.CXS,H,6,437,443
150419F2.CXS,H,4,439,443
150420B1.CXS,H,40,389,429
150420B2.CXS,H,20,409,429
150420F1.CXS,H,7,422,429
150420F2.CXS,H,10,419,429
150421B1.CXS,H,28,318,346
150421B2.CXS,H,18,328,346
150421F1.CXS,H,4,342,346
150421F2.CXS,H,5,341,346
150423B1.CXS,H,36,376,412
150423B2.CXS,H,26,386,412
150423F1.CXS,H,3,409,412
150423F2.CXS,H,5,407,412
150424B1.CXS,H,52,384,436
150424B2.CXS,H,99,337,436
150424F1.CXS,H,2,434,436
150424F2.CXS,H,90,346,436
150425B1.CXS,H,44,398,442
150425B2.CXS,H,19,423,442
150425F1.CXS,H,7,435,442
150425F2.CXS,H,5,437,442
150426B1.CXS,H,44,400,444
150426B2.CXS,H,18,426,444
150426F1.CXS,H,5,439,444
150426F2.CXS,H,3,441,444
150427B1.CXS,H,40,401,441
150427B2.CXS,H,19,422,441
150427F1.CXS,H,3,438,441
150427F2.CXS,H,2,439,441
150428B1.CXS,H,35,409,444
150428B2.CXS,H,31,413,444
150428F1.CXS,H,1,443,444
150428F2.CXS,H,4,440,444
150429B1.CXS,H,31,283,314
150429B2.CXS,H,18,296,314
150429F1.CXS,H,3,311,314
150429F2.CXS,H,1,313,314
150430B1.CXS,H,41,321,362
150430B2.CXS,H,20,342,362
150430F1.CXS,H,1,361,362
150430F2.CXS,H,3,359,362
150501B1.CXS,H,37,407,444
150501B2.CXS,H,20,424,444
150501F1.CXS,H,0,444,444
150501F2.CXS,H,2,442,444
150502B1.CXS,H,40,406,446
150502B2.CXS,H,27,419,446
150502F1.CXS,H,2,444,446
150502F2.CXS,H,4,442,446
150503B1.CXS,H,39,405,444
150503B2.CXS,H,20,424,444
150503F1.CXS,H,0,444,444
150503F2.CXS,H,5,439,444
150504B1.CXS,H,33,414,447
150504B2.CXS,H,26,421,447
150504F1.CXS,H,1,446,447
150504F2.CXS,H,3,444,447
150505B1.CXS,H,31,409,440
150505B2.CXS,H,21,419,440
150505F1.CXS,H,0,440,440
150505F2.CXS,H,1,439,440
150506B1.CXS,H,36,404,440
150506B2.CXS,H,14,426,440
150506F1.CXS,H,0,440,440
150506F2.CXS,H,1,439,440
150507B1.CXS,H,32,405,437
150507B2.CXS,H,26,411,437
150507F1.CXS,H,1,436,437
150507F2.CXS,H,6,431,437
150508B1.CXS,H,35,410,445
150508B2.CXS,H,21,424,445
150508F1.CXS,H,1,444,445
150508F2.CXS,H,1,444,445
150509B1.CXS,H,34,409,443
150509B2.CXS,H,14,429,443
150509F1.CXS,H,1,442,443
150509F2.CXS,H,2,441,443
150510B1.CXS,H,42,401,443
150510B2.CXS,H,29,414,443
150510F1.CXS,H,0,443,443
150510F2.CXS,H,2,441,443
150511B1.CXS,H,41,404,445
150511B2.CXS,H,18,427,445
150511F1.CXS,H,1,444,445
150511F2.CXS,H,4,441,445
150512B1.CXS,H,38,396,434
150512B2.CXS,H,18,416,434
150512F1.CXS,H,0,434,434
150512F2.CXS,H,2,432,434
150513B1.CXS,H,38,403,441
150513B2.CXS,H,21,420,441
150513F1.CXS,H,0,441,441
150513F2.CXS,H,3,438,441
150514B1.CXS,H,29,413,442
150514B2.CXS,H,20,422,442
150514F1.CXS,H,3,439,442
150514F2.CXS,H,3,439,442
150515B1.CXS,H,43,394,437
150515B2.CXS,H,23,414,437
150515F1.CXS,H,3,434,437
150515F2.CXS,H,3,434,437
150516B1.CXS,H,43,403,446
150516B2.CXS,H,20,426,446
150516F1.CXS,H,3,443,446
150516F2.CXS,H,11,435,446
150517B1.CXS,H,39,406,445
150517B2.CXS,H,17,428,445
150517F1.CXS,H,3,442,445
150517F2.CXS,H,5,440,445
150518B1.CXS,H,55,389,444
150518B2.CXS,H,15,429,444
150518F1.CXS,H,3,441,444
150518F2.CXS,H,5,439,444
150519B1.CXS,H,29,408,437
150519B2.CXS,H,23,414,437
150519F1.CXS,H,1,436,437
150519F2.CXS,H,3,434,437
150520B1.CXS,H,36,408,444
150520B2.CXS,H,27,417,444
150520F1.CXS,H,0,444,444
150520F2.CXS,H,2,442,444
150521B1.CXS,H,22,331,353
150521B2.CXS,H,19,334,353
150521F1.CXS,H,0,353,353
150521F2.CXS,H,0,353,353
150522B1.CXS,H,38,404,442
150522B2.CXS,H,13,429,442
150522F1.CXS,H,1,441,442
150522F2.CXS,H,0,442,442
150523B1.CXS,H,32,414,446
150523B2.CXS,H,18,428,446
150523F1.CXS,H,0,446,446
150523F2.CXS,H,4,442,446
150524B1.CXS,H,30,413,443
150524B2.CXS,H,20,423,443
150524F1.CXS,H,0,443,443
150524F2.CXS,H,3,440,443
150525B1.CXS,H,44,399,443
150525B2.CXS,H,19,424,443
150525F1.CXS,H,1,442,443
150525F2.CXS,H,2,441,443
150526B1.CXS,H,33,407,440
150526B2.CXS,H,23,417,440
150526F1.CXS,H,1,439,440
150526F2.CXS,H,2,438,440
150527B1.CXS,H,40,403,443
150527B2.CXS,H,25,418,443
150527F1.CXS,H,2,441,443
150527F2.CXS,H,3,440,443
150528B1.CXS,H,23,421,444
150528B2.CXS,H,24,420,444
150528F1.CXS,H,1,443,444
150528F2.CXS,H,1,443,444
150529B1.CXS,H,31,416,447
150529B2.CXS,H,17,430,447
150529F1.CXS,H,0,447,447
150529F2.CXS,H,2,445,447
150530B1.CXS,H,41,406,447
150530B2.CXS,H,12,435,447
150530F1.CXS,H,1,446,447
150530F2.CXS,H,4,443,447
150531B1.CXS,H,26,417,443
150531B2.CXS,H,17,426,443
150531F1.CXS,H,0,443,443
150531F2.CXS,H,2,441,443
150601B1.CXS,H,25,417,442
150601B2.CXS,H,19,423,442
150601F1.CXS,H,0,442,442
150601F2.CXS,H,9,433,442
150602B1.CXS,H,31,415,446
150602B2.CXS,H,34,412,446
150602F1.CXS,H,2,444,446
150602F2.CXS,H,2,444,446
150603B1.CXS,H,24,404,428
150603B2.CXS,H,21,407,428
150603F1.CXS,H,0,428,428
150603F2.CXS,H,0,428,428
150604B1.CXS,H,25,350,375
150604B2.CXS,H,14,361,375
150604F1.CXS,H,2,373,375
150604F2.CXS,H,1,374,375
150605B1.CXS,H,17,430,447
150605B2.CXS,H,16,431,447
150605F1.CXS,H,0,447,447
150605F2.CXS,H,1,446,447
150606B1.CXS,H,21,423,444
150606B2.CXS,H,16,428,444
150606F1.CXS,H,0,444,444
150606F2.CXS,H,2,442,444
150607B1.CXS,H,17,430,447
150607B2.CXS,H,13,434,447
150607F1.CXS,H,0,447,447
150607F2.CXS,H,0,447,447
150608B1.CXS,H,22,424,446
150608B2.CXS,H,11,435,446
150608F1.CXS,H,0,446,446
150608F2.CXS,H,1,445,446
150609B1.CXS,H,44,402,446
150609B2.CXS,H,12,434,446
150609F1.CXS,H,1,445,446
150609F2.CXS,H,4,442,446
150610B1.CXS,H,43,364,407
150610B2.CXS,H,14,393,407
150610F1.CXS,H,2,405,407
150610F2.CXS,H,6,401,407
150611B1.CXS,H,41,405,446
150611B2.CXS,H,23,423,446
150611F1.CXS,H,1,445,446
150611F2.CXS,H,5,441,446
150612B1.CXS,H,30,415,445
150612B2.CXS,H,24,421,445
150612F1.CXS,H,0,445,445
150612F2.CXS,H,5,440,445
150613B1.CXS,H,45,402,447
150613B2.CXS,H,16,431,447
150613F1.CXS,H,1,446,447
150613F2.CXS,H,8,439,447
150614B1.CXS,H,42,405,447
150614B2.CXS,H,26,421,447
150614F1.CXS,H,1,446,447
150614F2.CXS,H,6,441,447
150615B1.CXS,H,40,404,444
150615B2.CXS,H,17,427,444
150615F1.CXS,H,0,444,444
150615F2.CXS,H,6,438,444
150616B1.CXS,H,43,396,439
150616B2.CXS,H,17,422,439
150616F1.CXS,H,0,439,439
150616F2.CXS,H,3,436,439
150617B1.CXS,H,45,389,434
150617B2.CXS,H,20,414,434
150617F1.CXS,H,5,429,434
150617F2.CXS,H,4,430,434
150618B1.CXS,H,41,403,444
150618B2.CXS,H,18,426,444
150618F1.CXS,H,2,442,444
150618F2.CXS,H,2,442,444
150619B1.CXS,H,40,405,445
150619B2.CXS,H,27,418,445
150619F1.CXS,H,1,444,445
150619F2.CXS,H,7,438,445
150620B1.CXS,H,43,404,447
150620B2.CXS,H,23,424,447
150620F1.CXS,H,1,446,447
150620F2.CXS,H,4,443,447
150621B1.CXS,H,30,413,443
150621B2.CXS,H,17,426,443
150621F1.CXS,H,0,443,443
150621F2.CXS,H,4,439,443
150622B1.CXS,H,40,405,445
150622B2.CXS,H,27,418,445
150622F1.CXS,H,0,445,445
150622F2.CXS,H,8,437,445
150623B1.CXS,H,36,405,441
150623B2.CXS,H,11,430,441
150623F1.CXS,H,2,439,441
150623F2.CXS,H,7,434,441
150624B1.CXS,H,37,408,445
150624B2.CXS,H,20,425,445
150624F1.CXS,H,0,445,445
150624F2.CXS,H,3,442,445
150625B1.CXS,H,42,398,440
150625B2.CXS,H,16,424,440
150625F1.CXS,H,0,440,440
150625F2.CXS,H,2,438,440
150626B1.CXS,H,36,408,444
150626B2.CXS,H,20,424,444
150626F1.CXS,H,0,444,444
150626F2.CXS,H,3,441,444
150627B1.CXS,H,33,414,447
150627B2.CXS,H,14,433,447
150627F1.CXS,H,0,447,447
150627F2.CXS,H,4,443,447
150628B1.CXS,H,31,416,447
150628B2.CXS,H,15,432,447
150628F1.CXS,H,0,447,447
150628F2.CXS,H,3,444,447
150629B1.CXS,H,27,418,445
150629B2.CXS,H,20,425,445
150629F1.CXS,H,0,445,445
150629F2.CXS,H,3,442,445
150630B1.CXS,H,28,415,443
150630B2.CXS,H,17,426,443
150630F1.CXS,H,1,442,443
150630F2.CXS,H,4,439,443
150701B1.CXS,H,0,437,437
150701B2.CXS,H,0,437,437
150701F1.CXS,H,0,437,437
150701F2.CXS,H,0,437,437
150702B1.CXS,H,0,443,443
150702B2.CXS,H,0,443,443
150702F1.CXS,H,0,443,443
150702F2.CXS,H,0,443,443
150703B1.CXS,H,0,446,446
150703B2.CXS,H,0,446,446
150703F1.CXS,H,0,446,446
150703F2.CXS,H,0,446,446
150704B1.CXS,H,0,447,447
150704B2.CXS,H,0,447,447
150704F1.CXS,H,0,447,447
150704F2.CXS,H,0,447,447
150705B1.CXS,H,5,420,425
150705B2.CXS,H,5,420,425
150705F1.CXS,H,0,425,425
150705F2.CXS,H,0,425,425
150706B1.CXS,H,9,413,422
150706B2.CXS,H,7,415,422
150706F1.CXS,H,0,422,422
150706F2.CXS,H,0,422,422
150707B1.CXS,H,23,419,442
150707B2.CXS,H,16,426,442
150707F1.CXS,H,0,442,442
150707F2.CXS,H,5,437,442
150708B1.CXS,H,23,417,440
150708B2.CXS,H,15,425,440
150708F1.CXS,H,0,440,440
150708F2.CXS,H,2,438,440
150709B1.CXS,H,34,410,444
150709B2.CXS,H,10,434,444
150709F1.CXS,H,1,443,444
150709F2.CXS,H,3,441,444
150710B1.CXS,H,24,407,431
150710B2.CXS,H,17,414,431
150710F1.CXS,H,1,430,431
150710F2.CXS,H,2,429,431
150712B1.CXS,H,34,408,442
150712B2.CXS,H,21,421,442
150712F1.CXS,H,0,442,442
150712F2.CXS,H,3,439,442
150713B1.CXS,H,22,425,447
150713B2.CXS,H,15,432,447
150713F1.CXS,H,0,447,447
150713F2.CXS,H,4,443,447
150714B1.CXS,H,35,410,445
150714B2.CXS,H,17,428,445
150714F1.CXS,H,2,443,445
150714F2.CXS,H,2,443,445
150715B1.CXS,H,32,413,445
150715B2.CXS,H,19,426,445
150715F1.CXS,H,0,445,445
150715F2.CXS,H,7,438,445
150716B1.CXS,H,29,414,443
150716B2.CXS,H,15,428,443
150716F1.CXS,H,1,442,443
150716F2.CXS,H,4,439,443
150717B1.CXS,H,26,378,404
150717B2.CXS,H,20,384,404
150717F1.CXS,H,0,404,404
150717F2.CXS,H,5,399,404
150718B1.CXS,H,7,187,194
150718B2.CXS,H,0,194,194
150718F1.CXS,H,0,194,194
150718F2.CXS,H,0,194,194
150719B1.CXS,H,8,187,195
150719B2.CXS,H,0,195,195
150719F1.CXS,H,0,195,195
150719F2.CXS,H,0,195,195
150720B1.CXS,H,13,182,195
150720B2.CXS,H,0,195,195
150720F1.CXS,H,0,195,195
150720F2.CXS,H,1,194,195
150721B1.CXS,H,35,344,379
150721B2.CXS,H,16,363,379
150721F1.CXS,H,0,379,379
150721F2.CXS,H,3,376,379
150722B1.CXS,H,32,414,446
150722B2.CXS,H,17,429,446
150722F1.CXS,H,1,445,446
150722F2.CXS,H,4,442,446
150723B1.CXS,H,36,409,445
150723B2.CXS,H,19,426,445
150723F1.CXS,H,0,445,445
150723F2.CXS,H,4,441,445
150724B1.CXS,H,38,407,445
150724B2.CXS,H,19,426,445
150724F1.CXS,H,2,443,445
150724F2.CXS,H,5,440,445
150725B1.CXS,H,14,428,442
150725B2.CXS,H,8,434,442
150725F1.CXS,H,0,442,442
150725F2.CXS,H,2,440,442
150726B1.CXS,H,27,418,445
150726B2.CXS,H,21,424,445
150726F1.CXS,H,1,444,445
150726F2.CXS,H,2,443,445
150727B1.CXS,H,35,410,445
150727B2.CXS,H,17,428,445
150727F1.CXS,H,1,444,445
150727F2.CXS,H,5,440,445
150728B1.CXS,H,30,417,447
150728B2.CXS,H,19,428,447
150728F1.CXS,H,0,447,447
150728F2.CXS,H,3,444,447
150729B1.CXS,H,29,417,446
150729B2.CXS,H,18,428,446
150729F1.CXS,H,0,446,446
150729F2.CXS,H,3,443,446
150730B1.CXS,H,33,412,445
150730B2.CXS,H,16,429,445
150730F1.CXS,H,0,445,445
150730F2.CXS,H,6,439,445
150731B1.CXS,H,11,429,440
150731B2.CXS,H,3,437,440
150731F1.CXS,H,0,440,440
150731F2.CXS,H,0,440,440
150801B1.CXS,H,24,421,445
150801B2.CXS,H,12,433,445
150801F1.CXS,H,0,445,445
150801F2.CXS,H,3,442,445
150802B1.CXS,H,30,415,445
150802B2.CXS,H,16,429,445
150802F1.CXS,H,0,445,445
150802F2.CXS,H,3,442,445
150803B1.CXS,H,36,404,440
150803B2.CXS,H,23,417,440
150803F1.CXS,H,1,439,440
150803F2.CXS,H,5,435,440
150804B1.CXS,H,29,414,443
150804B2.CXS,H,17,426,443
150804F1.CXS,H,0,443,443
150804F2.CXS,H,1,442,443
150805B1.CXS,H,7,433,440
150805B2.CXS,H,6,434,440
150805F1.CXS,H,0,440,440
150805F2.CXS,H,1,439,440
150806B1.CXS,H,37,410,447
150806B2.CXS,H,16,431,447
150806F1.CXS,H,0,447,447
150806F2.CXS,H,5,442,447
150807B1.CXS,H,34,405,439
150807B2.CXS,H,23,416,439
150807F1.CXS,H,2,437,439
150807F2.CXS,H,4,435,439
150808B1.CXS,H,33,407,440
150808B2.CXS,H,22,418,440
150808F1.CXS,H,2,438,440
150808F2.CXS,H,8,432,440
150809B1.CXS,H,40,393,433
150809B2.CXS,H,29,404,433
150809F1.CXS,H,2,431,433
150809F2.CXS,H,2,431,433
150810B1.CXS,H,32,405,437
150810B2.CXS,H,19,418,437
150810F1.CXS,H,1,436,437
150810F2.CXS,H,5,432,437
150811B1.CXS,H,38,398,436
150811B2.CXS,H,17,419,436
150811F1.CXS,H,0,436,436
150811F2.CXS,H,4,432,436
150812B1.CXS,H,5,435,440
150812B2.CXS,H,4,436,440
150812F1.CXS,H,0,440,440
150812F2.CXS,H,2,438,440
150813B1.CXS,H,31,415,446
150813B2.CXS,H,18,428,446
150813F1.CXS,H,0,446,446
150813F2.CXS,H,3,443,446
150814B1.CXS,H,40,406,446
150814B2.CXS,H,25,421,446
150814F1.CXS,H,0,446,446
150814F2.CXS,H,4,442,446
150815B1.CXS,H,18,422,440
150815B2.CXS,H,10,430,440
150815F1.CXS,H,0,440,440
150815F2.CXS,H,3,437,440
150816B1.CXS,H,25,421,446
150816B2.CXS,H,15,431,446
150816F1.CXS,H,1,445,446
150816F2.CXS,H,7,439,446
150817B1.CXS,H,20,420,440
150817B2.CXS,H,10,430,440
150817F1.CXS,H,2,438,440
150817F2.CXS,H,1,439,440
150818B1.CXS,H,33,406,439
150818B2.CXS,H,17,422,439
150818F1.CXS,H,0,439,439
150818F2.CXS,H,7,432,439
150819B1.CXS,H,45,400,445
150819B2.CXS,H,21,424,445
150819F1.CXS,H,1,444,445
150819F2.CXS,H,7,438,445
150820B1.CXS,H,38,409,447
150820B2.CXS,H,21,426,447
150820F1.CXS,H,0,447,447
150820F2.CXS,H,2,445,447
150821B1.CXS,H,28,413,441
150821B2.CXS,H,17,424,441
150821F1.CXS,H,0,441,441
150821F2.CXS,H,1,440,441
150822B1.CXS,H,38,407,445
150822B2.CXS,H,19,426,445
150822F1.CXS,H,0,445,445
150822F2.CXS,H,2,443,445
150823B1.CXS,H,33,414,447
150823B2.CXS,H,18,429,447
150823F1.CXS,H,1,446,447
150823F2.CXS,H,6,441,447
150824B1.CXS,H,29,411,440
150824B2.CXS,H,15,425,440
150824F1.CXS,H,0,440,440
150824F2.CXS,H,3,437,440
150825B1.CXS,H,31,410,441
150825B2.CXS,H,23,418,441
150825F1.CXS,H,0,441,441
150825F2.CXS,H,5,436,441
150826B1.CXS,H,38,408,446
150826B2.CXS,H,19,427,446
150826F1.CXS,H,3,443,446
150826F2.CXS,H,9,437,446
150827B1.CXS,H,47,400,447
150827B2.CXS,H,18,429,447
150827F1.CXS,H,3,444,447
150827F2.CXS,H,7,440,447
150828B1.CXS,H,27,418,445
150828B2.CXS,H,15,430,445
150828F1.CXS,H,2,443,445
150828F2.CXS,H,3,442,445
150829B1.CXS,H,27,418,445
150829B2.CXS,H,18,427,445
150829F1.CXS,H,0,445,445
150829F2.CXS,H,4,441,445
150830B1.CXS,H,45,399,444
150830B2.CXS,H,13,431,444
150830F1.CXS,H,2,442,444
150830F2.CXS,H,8,436,444
150831B1.CXS,H,38,401,439
150831B2.CXS,H,15,424,439
150831F1.CXS,H,1,438,439
150831F2.CXS,H,2,437,439
150901B1.CXS,H,38,402,440
150901B2.CXS,H,15,425,440
150901F1.CXS,H,1,439,440
150901F2.CXS,H,5,435,440
150902B1.CXS,H,43,395,438
150902B2.CXS,H,17,421,438
150902F1.CXS,H,4,434,438
150902F2.CXS,H,8,430,438
150903B1.CXS,H,35,411,446
150903B2.CXS,H,10,436,446
150903F1.CXS,H,3,443,446
150903F2.CXS,H,4,442,446
150904B1.CXS,H,34,411,445
150904B2.CXS,H,20,425,445
150904F1.CXS,H,4,441,445
150904F2.CXS,H,3,442,445
150905B1.CXS,H,40,406,446
150905B2.CXS,H,29,417,446
150905F1.CXS,H,3,443,446
150905F2.CXS,H,5,441,446
150906B1.CXS,H,56,390,446
150906B2.CXS,H,28,418,446
150906F1.CXS,H,3,443,446
150906F2.CXS,H,7,439,446
150907B1.CXS,H,38,400,438
150907B2.CXS,H,18,420,438
150907F1.CXS,H,2,436,438
150907F2.CXS,H,5,433,438
150908B1.CXS,H,38,406,444
150908B2.CXS,H,20,424,444
150908F1.CXS,H,5,439,444
150908F2.CXS,H,13,431,444
150909B1.CXS,H,36,408,444
150909B2.CXS,H,23,421,444
150909F1.CXS,H,1,443,444
150909F2.CXS,H,3,441,444
150910B1.CXS,H,40,405,445
150910B2.CXS,H,23,422,445
150910F1.CXS,H,4,441,445
150910F2.CXS,H,5,440,445
150911B1.CXS,H,29,416,445
150911B2.CXS,H,18,427,445
150911F1.CXS,H,2,443,445
150911F2.CXS,H,5,440,445
150912B1.CXS,H,33,411,444
150912B2.CXS,H,19,425,444
150912F1.CXS,H,0,444,444
150912F2.CXS,H,3,441,444
150913B1.CXS,H,33,413,446
150913B2.CXS,H,11,435,446
150913F1.CXS,H,0,446,446
150913F2.CXS,H,1,445,446
150914B1.CXS,H,41,403,444
150914B2.CXS,H,20,424,444
150914F1.CXS,H,0,444,444
150914F2.CXS,H,16,428,444
150915B1.CXS,H,40,401,441
150915B2.CXS,H,26,415,441
150915F1.CXS,H,2,439,441
150915F2.CXS,H,5,436,441
150916B1.CXS,H,38,401,439
150916B2.CXS,H,14,425,439
150916F1.CXS,H,3,436,439
150916F2.CXS,H,6,433,439
150917B1.CXS,H,39,407,446
150917B2.CXS,H,28,418,446
150917F1.CXS,H,3,443,446
150917F2.CXS,H,5,441,446
150918B1.CXS,H,34,411,445
150918B2.CXS,H,20,425,445
150918F1.CXS,H,3,442,445
150918F2.CXS,H,5,440,445
150919B1.CXS,H,27,395,422
150919B2.CXS,H,15,407,422
150919F1.CXS,H,2,420,422
150919F2.CXS,H,4,418,422
150920B1.CXS,H,41,404,445
150920B2.CXS,H,20,425,445
150920F1.CXS,H,0,445,445
150920F2.CXS,H,3,442,445
150921B1.CXS,H,34,405,439
150921B2.CXS,H,12,427,439
150921F1.CXS,H,6,433,439
150921F2.CXS,H,11,428,439
150922B1.CXS,H,39,399,438
150922B2.CXS,H,21,417,438
150922F1.CXS,H,5,433,438
150922F2.CXS,H,9,429,438
150923B1.CXS,H,48,395,443
150923B2.CXS,H,24,419,443
150923F1.CXS,H,5,438,443
150923F2.CXS,H,9,434,443
150924B1.CXS,H,34,412,446
150924B2.CXS,H,12,434,446
150924F1.CXS,H,4,442,446
150924F2.CXS,H,10,436,446
150925B1.CXS,H,48,398,446
150925B2.CXS,H,20,426,446
150925F1.CXS,H,2,444,446
150925F2.CXS,H,7,439,446
150926B1.CXS,H,37,405,442
150926B2.CXS,H,25,417,442
150926F1.CXS,H,5,437,442
150926F2.CXS,H,11,431,442
150927B1.CXS,H,38,409,447
150927B2.CXS,H,21,426,447
150927F1.CXS,H,3,444,447
150927F2.CXS,H,6,441,447
150928B1.CXS,H,59,386,445
150928B2.CXS,H,17,428,445
150928F1.CXS,H,3,442,445
150928F2.CXS,H,6,439,445
150929B1.CXS,H,41,405,446
150929B2.CXS,H,30,416,446
150929F1.CXS,H,1,445,446
150929F2.CXS,H,4,442,446
150930B1.CXS,H,42,403,445
150930B2.CXS,H,21,424,445
150930F1.CXS,H,3,442,445
150930F2.CXS,H,3,442,445
151001B1.CXS,H,34,402,436
151001B2.CXS,H,17,419,436
151001F1.CXS,H,1,435,436
151001F2.CXS,H,11,425,436
151002B1.CXS,H,30,416,446
151002B2.CXS,H,18,428,446
151002F1.CXS,H,2,444,446
151002F2.CXS,H,9,437,446
151003B1.CXS,H,36,409,445
151003B2.CXS,H,14,431,445
151003F1.CXS,H,2,443,445
151003F2.CXS,H,8,437,445
151004B1.CXS,H,31,412,443
151004B2.CXS,H,18,425,443
151004F1.CXS,H,1,442,443
151004F2.CXS,H,6,437,443
151005B1.CXS,H,3,436,439
151005B2.CXS,H,1,438,439
151005F1.CXS,H,0,439,439
151005F2.CXS,H,1,438,439
151006B1.CXS,H,9,437,446
151006B2.CXS,H,5,441,446
151006F1.CXS,H,1,445,446
151006F2.CXS,H,0,446,446
151007B1.CXS,H,34,411,445
151007B2.CXS,H,25,420,445
151007F1.CXS,H,3,442,445
151007F2.CXS,H,8,437,445
151008B1.CXS,H,52,393,445
151008B2.CXS,H,27,418,445
151008F1.CXS,H,4,441,445
151008F2.CXS,H,5,440,445
151009B1.CXS,H,33,412,445
151009B2.CXS,H,20,425,445
151009F1.CXS,H,2,443,445
151009F2.CXS,H,8,437,445
151010B1.CXS,H,39,407,446
151010B2.CXS,H,19,427,446
151010F1.CXS,H,1,445,446
151010F2.CXS,H,5,441,446
151011B1.CXS,H,42,400,442
151011B2.CXS,H,16,426,442
151011F1.CXS,H,4,438,442
151011F2.CXS,H,12,430,442
151012B1.CXS,H,41,404,445
151012B2.CXS,H,19,426,445
151012F1.CXS,H,3,442,445
151012F2.CXS,H,4,441,445
151013B1.CXS,H,42,404,446
151013B2.CXS,H,25,421,446
151013F1.CXS,H,4,442,446
151013F2.CXS,H,6,440,446
151014B1.CXS,H,53,392,445
151014B2.CXS,H,23,422,445
151014F1.CXS,H,7,438,445
151014F2.CXS,H,7,438,445
151015B1.CXS,H,37,401,438
151015B2.CXS,H,10,428,438
151015F1.CXS,H,3,435,438
151015F2.CXS,H,9,429,438
151016B1.CXS,H,41,400,441
151016B2.CXS,H,13,428,441
151016F1.CXS,H,1,440,441
151016F2.CXS,H,4,437,441
151017B1.CXS,H,38,408,446
151017B2.CXS,H,16,430,446
151017F1.CXS,H,1,445,446
151017F2.CXS,H,8,438,446
151018B1.CXS,H,48,394,442
151018B2.CXS,H,18,424,442
151018F1.CXS,H,0,442,442
151018F2.CXS,H,4,438,442
151019B1.CXS,H,44,393,437
151019B2.CXS,H,21,416,437
151019F1.CXS,H,0,437,437
151019F2.CXS,H,6,431,437
151020B1.CXS,H,54,383,437
151020B2.CXS,H,24,413,437
151020F1.CXS,H,3,434,437
151020F2.CXS,H,7,430,437
151021B1.CXS,H,45,401,446
151021B2.CXS,H,31,415,446
151021F1.CXS,H,5,441,446
151021F2.CXS,H,8,438,446
151022B1.CXS,H,41,405,446
151022B2.CXS,H,23,423,446
151022F1.CXS,H,4,442,446
151022F2.CXS,H,3,443,446
151023B1.CXS,H,45,397,442
151023B2.CXS,H,19,423,442
151023F1.CXS,H,3,439,442
151023F2.CXS,H,10,432,442
151024B1.CXS,H,44,401,445
151024B2.CXS,H,19,426,445
151024F1.CXS,H,2,443,445
151024F2.CXS,H,6,439,445
151025B1.CXS,H,26,414,440
151025B2.CXS,H,12,428,440
151025F1.CXS,H,1,439,440
151025F2.CXS,H,5,435,440
151026B1.CXS,H,35,410,445
151026B2.CXS,H,22,423,445
151026F1.CXS,H,7,438,445
151026F2.CXS,H,1,444,445
151027B1.CXS,H,50,391,441
151027B2.CXS,H,23,418,441
151027F1.CXS,H,3,438,441
151027F2.CXS,H,3,438,441
151028B1.CXS,H,60,382,442
151028B2.CXS,H,29,413,442
151028F1.CXS,H,4,438,442
151028F2.CXS,H,3,439,442
151029B1.CXS,H,44,402,446
151029B2.CXS,H,19,427,446
151029F1.CXS,H,4,442,446
151029F2.CXS,H,10,436,446
151030B1.CXS,H,37,409,446
151030B2.CXS,H,19,427,446
151030F1.CXS,H,4,442,446
151030F2.CXS,H,6,440,446
151031B1.CXS,H,36,409,445
151031B2.CXS,H,14,431,445
151031F1.CXS,H,2,443,445
151031F2.CXS,H,3,442,445
151101B1.CXS,H,49,396,445
151101B2.CXS,H,22,423,445
151101F1.CXS,H,4,441,445
151101F2.CXS,H,9,436,445
151102B1.CXS,H,51,394,445
151102B2.CXS,H,23,422,445
151102F1.CXS,H,6,439,445
151102F2.CXS,H,12,433,445
151103B1.CXS,H,43,403,446
151103B2.CXS,H,25,421,446
151103F1.CXS,H,7,439,446
151103F2.CXS,H,10,436,446
151104B1.CXS,H,42,399,441
151104B2.CXS,H,19,422,441
151104F1.CXS,H,8,433,441
151104F2.CXS,H,9,432,441
151105B1.CXS,H,60,386,446
151105B2.CXS,H,28,418,446
151105F1.CXS,H,11,435,446
151105F2.CXS,H,7,439,446
151106B1.CXS,H,55,391,446
151106B2.CXS,H,27,419,446
151106F1.CXS,H,5,441,446
151106F2.CXS,H,7,439,446
151107B1.CXS,H,39,407,446
151107B2.CXS,H,14,432,446
151107F1.CXS,H,4,442,446
151107F2.CXS,H,4,442,446
151108B1.CXS,H,50,397,447
151108B2.CXS,H,26,421,447
151108F1.CXS,H,5,442,447
151108F2.CXS,H,14,433,447
151109B1.CXS,H,35,411,446
151109B2.CXS,H,19,427,446
151109F1.CXS,H,3,443,446
151109F2.CXS,H,8,438,446
151110B1.CXS,H,37,409,446
151110B2.CXS,H,16,430,446
151110F1.CXS,H,6,440,446
151110F2.CXS,H,5,441,446
151111B1.CXS,H,51,393,444
151111B2.CXS,H,19,425,444
151111F1.CXS,H,8,436,444
151111F2.CXS,H,8,436,444
151112B1.CXS,H,51,396,447
151112B2.CXS,H,24,423,447
151112F1.CXS,H,4,443,447
151112F2.CXS,H,9,438,447
151113B1.CXS,H,51,396,447
151113B2.CXS,H,26,421,447
151113F1.CXS,H,9,438,447
151113F2.CXS,H,8,439,447
151114B1.CXS,H,40,405,445
151114B2.CXS,H,28,417,445
151114F1.CXS,H,3,442,445
151114F2.CXS,H,12,433,445
151115B1.CXS,H,53,390,443
151115B2.CXS,H,20,423,443
151115F1.CXS,H,6,437,443
151115F2.CXS,H,4,439,443
151116B1.CXS,H,58,361,419
151116B2.CXS,H,26,393,419
151116F1.CXS,H,5,414,419
151116F2.CXS,H,8,411,419
151117B1.CXS,H,44,255,299
151117B2.CXS,H,19,280,299
151117F1.CXS,H,8,291,299
151117F2.CXS,H,6,293,299
151118B1.CXS,H,54,389,443
151118B2.CXS,H,29,414,443
151118F1.CXS,H,4,439,443
151118F2.CXS,H,9,434,443
151119B1.CXS,H,59,388,447
151119B2.CXS,H,21,426,447
151119F1.CXS,H,14,433,447
151119F2.CXS,H,16,431,447
151120B1.CXS,H,49,386,435
151120B2.CXS,H,18,417,435
151120F1.CXS,H,10,425,435
151120F2.CXS,H,20,415,435
151121B1.CXS,H,80,347,427
151121B2.CXS,H,28,399,427
151121F1.CXS,H,32,395,427
151121F2.CXS,H,18,409,427
151122B1.CXS,H,87,356,443
151122B2.CXS,H,50,393,443
151122F1.CXS,H,20,423,443
151122F2.CXS,H,17,426,443
151123B1.CXS,H,59,387,446
151123B2.CXS,H,27,419,446
151123F1.CXS,H,19,427,446
151123F2.CXS,H,14,432,446
151124B1.CXS,H,60,387,447
151124B2.CXS,H,28,419,447
151124F1.CXS,H,16,431,447
151124F2.CXS,H,15,432,447
151125B1.CXS,H,67,377,444
151125B2.CXS,H,27,417,444
151125F1.CXS,H,19,425,444
151125F2.CXS,H,9,435,444
151126B1.CXS,H,64,382,446
151126B2.CXS,H,26,420,446
151126F1.CXS,H,29,417,446
151126F2.CXS,H,21,425,446
151127B1.CXS,H,72,347,419
151127B2.CXS,H,25,394,419
151127F1.CXS,H,29,390,419
151127F2.CXS,H,15,404,419
151128B1.CXS,H,75,371,446
151128B2.CXS,H,26,420,446
151128F1.CXS,H,42,404,446
151128F2.CXS,H,28,418,446
151129B1.CXS,H,101,341,442
151129B2.CXS,H,44,398,442
151129F1.CXS,H,30,412,442
151129F2.CXS,H,24,418,442
151130B1.CXS,H,108,331,439
151130B2.CXS,H,45,394,439
151130F1.CXS,H,40,399,439
151130F2.CXS,H,18,421,439
151201B1.CXS,H,102,340,442
151201B2.CXS,H,33,409,442
151201F1.CXS,H,29,413,442
151201F2.CXS,H,19,423,442
151202B1.CXS,H,94,343,437
151202B2.CXS,H,25,412,437
151202F1.CXS,H,19,418,437
151202F2.CXS,H,9,428,437
151203B1.CXS,H,85,345,430
151203B2.CXS,H,27,403,430
151203F1.CXS,H,26,404,430
151203F2.CXS,H,18,412,430
151204B1.CXS,H,48,393,441
151204B2.CXS,H,26,415,441
151204F1.CXS,H,14,427,441
151204F2.CXS,H,8,433,441
151205B1.CXS,H,71,374,445
151205B2.CXS,H,30,415,445
151205F1.CXS,H,16,429,445
151205F2.CXS,H,5,440,445
151206B1.CXS,H,67,377,444
151206B2.CXS,H,33,411,444
151206F1.CXS,H,17,427,444
151206F2.CXS,H,8,436,444
151207B1.CXS,H,78,365,443
151207B2.CXS,H,28,415,443
151207F1.CXS,H,11,432,443
151207F2.CXS,H,12,431,443
151208B1.CXS,H,64,377,441
151208B2.CXS,H,41,400,441
151208F1.CXS,H,8,433,441
151208F2.CXS,H,15,426,441
151209B1.CXS,H,80,363,443
151209B2.CXS,H,22,421,443
151209F1.CXS,H,13,430,443
151209F2.CXS,H,8,435,443
151210B1.CXS,H,82,362,444
151210B2.CXS,H,25,419,444
151210F1.CXS,H,25,419,444
151210F2.CXS,H,15,429,444
151211B1.CXS,H,64,382,446
151211B2.CXS,H,37,409,446
151211F1.CXS,H,24,422,446
151211F2.CXS,H,13,433,446
151212B1.CXS,H,52,393,445
151212B2.CXS,H,19,426,445
151212F1.CXS,H,12,433,445
151212F2.CXS,H,7,438,445
151213B1.CXS,H,65,378,443
151213B2.CXS,H,30,413,443
151213F1.CXS,H,12,431,443
151213F2.CXS,H,11,432,443
151214B1.CXS,H,56,386,442
151214B2.CXS,H,18,424,442
151214F1.CXS,H,10,432,442
151214F2.CXS,H,9,433,442
151216B1.CXS,H,49,396,445
151216B2.CXS,H,29,416,445
151216F1.CXS,H,11,434,445
151216F2.CXS,H,14,431,445
151217B1.CXS,H,52,394,446
151217B2.CXS,H,25,421,446
151217F1.CXS,H,12,434,446
151217F2.CXS,H,8,438,446
151218B1.CXS,H,49,397,446
151218B2.CXS,H,31,415,446
151218F1.CXS,H,10,436,446
151218F2.CXS,H,13,433,446
151219B1.CXS,H,58,388,446
151219B2.CXS,H,22,424,446
151219F1.CXS,H,13,433,446
151219F2.CXS,H,10,436,446
151220B1.CXS,H,76,371,447
151220B2.CXS,H,42,405,447
151220F1.CXS,H,12,435,447
151220F2.CXS,H,9,438,447
151221B1.CXS,H,63,369,432
151221B2.CXS,H,29,403,432
151221F1.CXS,H,20,412,432
151221F2.CXS,H,16,416,432
151222B1.CXS,H,96,350,446
151222B2.CXS,H,40,406,446
151222F1.CXS,H,37,409,446
151222F2.CXS,H,19,427,446
151223B1.CXS,H,65,376,441
151223B2.CXS,H,24,417,441
151223F1.CXS,H,24,417,441
151223F2.CXS,H,13,428,441
151224B1.CXS,H,80,365,445
151224B2.CXS,H,31,414,445
151224F1.CXS,H,21,424,445
151224F2.CXS,H,15,430,445
151225B1.CXS,H,82,363,445
151225B2.CXS,H,22,423,445
151225F1.CXS,H,17,428,445
151225F2.CXS,H,13,432,445
151226B1.CXS,H,58,381,439
151226B2.CXS,H,27,412,439
151226F1.CXS,H,17,422,439
151226F2.CXS,H,17,422,439
151227B1.CXS,H,74,368,442
151227B2.CXS,H,31,411,442
151227F1.CXS,H,35,407,442
151227F2.CXS,H,22,420,442
151228B1.CXS,H,10,47,57
151228B2.CXS,H,3,54,57
151228F1.CXS,H,4,53,57
151228F2.CXS,H,3,54,57
151231B1.CXS,H,36,1,37
151231B2.CXS,H,22,15,37
151231F1.CXS,H,35,2,37
151231F2.CXS,H,24,13,37
160101B1.CXS,H,102,1,103
160101B2.CXS,H,61,42,103
160101F1.CXS,H,98,5,103
160101F2.CXS,H,65,38,103
160103B1.CXS,H,103,1,104
160103B2.CXS,H,54,50,104
160103F1.CXS,H,98,6,104
160103F2.CXS,H,57,47,104
160104B1.CXS,H,95,115,210
160104B2.CXS,H,51,159,210
160104F1.CXS,H,83,127,210
160104F2.CXS,H,44,166,210
160105B1.CXS,H,79,363,442
160105B2.CXS,H,42,400,442
160105F1.CXS,H,35,407,442
160105F2.CXS,H,17,425,442
160106B1.CXS,H,75,371,446
160106B2.CXS,H,41,405,446
160106F1.CXS,H,34,412,446
160106F2.CXS,H,9,437,446
160107B1.CXS,H,78,365,443
160107B2.CXS,H,33,410,443
160107F1.CXS,H,39,404,443
160107F2.CXS,H,21,422,443
160108B1.CXS,H,89,355,444
160108B2.CXS,H,31,413,444
160108F1.CXS,H,46,398,444
160108F2.CXS,H,25,419,444
160109B1.CXS,H,99,347,446
160109B2.CXS,H,54,392,446
160109F1.CXS,H,44,402,446
160109F2.CXS,H,26,420,446
160110B1.CXS,H,89,356,445
160110B2.CXS,H,36,409,445
160110F1.CXS,H,45,400,445
160110F2.CXS,H,18,427,445
160111B1.CXS,H,97,346,443
160111B2.CXS,H,27,416,443
160111F1.CXS,H,37,406,443
160111F2.CXS,H,19,424,443
160112B1.CXS,H,80,365,445
160112B2.CXS,H,35,410,445
160112F1.CXS,H,46,399,445
160112F2.CXS,H,18,427,445
160113B1.CXS,H,96,342,438
160113B2.CXS,H,40,398,438
160113F1.CXS,H,34,404,438
160113F2.CXS,H,19,419,438
160114B1.CXS,H,74,233,307
160114B2.CXS,H,28,279,307
160114F1.CXS,H,29,278,307
160114F2.CXS,H,16,291,307
160115B1.CXS,H,85,361,446
160115B2.CXS,H,34,412,446
160115F1.CXS,H,28,418,446
160115F2.CXS,H,11,435,446
160116B1.CXS,H,84,356,440
160116B2.CXS,H,32,408,440
160116F1.CXS,H,41,399,440
160116F2.CXS,H,22,418,440
160117B1.CXS,H,98,347,445
160117B2.CXS,H,32,413,445
160117F1.CXS,H,28,417,445
160117F2.CXS,H,18,427,445
160118B1.CXS,H,85,362,447
160118B2.CXS,H,29,418,447
160118F1.CXS,H,34,413,447
160118F2.CXS,H,17,430,447
160119B1.CXS,H,90,351,441
160119B2.CXS,H,27,414,441
160119F1.CXS,H,23,418,441
160119F2.CXS,H,17,424,441
160120B1.CXS,H,92,354,446
160120B2.CXS,H,42,404,446
160120F1.CXS,H,41,405,446
160120F2.CXS,H,20,426,446
160121B1.CXS,H,103,341,444
160121B2.CXS,H,34,410,444
160121F1.CXS,H,30,414,444
160121F2.CXS,H,21,423,444
160122B1.CXS,H,73,372,445
160122B2.CXS,H,44,401,445
160122F1.CXS,H,48,397,445
160122F2.CXS,H,20,425,445
160123B1.CXS,H,89,357,446
160123B2.CXS,H,37,409,446
160123F1.CXS,H,38,408,446
160123F2.CXS,H,15,431,446
160124B1.CXS,H,113,329,442
160124B2.CXS,H,31,411,442
160124F1.CXS,H,33,409,442
160124F2.CXS,H,18,424,442
160125B1.CXS,H,99,346,445
160125B2.CXS,H,32,413,445
160125F1.CXS,H,26,419,445
160125F2.CXS,H,15,430,445
160126B1.CXS,H,99,347,446
160126B2.CXS,H,39,407,446
160126F1.CXS,H,37,409,446
160126F2.CXS,H,19,427,446
160127B1.CXS,H,101,333,434
160127B2.CXS,H,35,399,434
160127F1.CXS,H,23,411,434
160127F2.CXS,H,11,423,434
160128B1.CXS,H,108,339,447
160128B2.CXS,H,47,400,447
160128F1.CXS,H,20,427,447
160128F2.CXS,H,9,438,447
160129B1.CXS,H,89,357,446
160129B2.CXS,H,28,418,446
160129F1.CXS,H,13,433,446
160129F2.CXS,H,7,439,446
160130B1.CXS,H,90,350,440
160130B2.CXS,H,29,411,440
160130F1.CXS,H,20,420,440
160130F2.CXS,H,10,430,440
160201B1.CXS,H,110,326,436
160201B2.CXS,H,44,392,436
160201F1.CXS,H,33,403,436
160201F2.CXS,H,18,418,436
160202B1.CXS,H,106,335,441
160202B2.CXS,H,44,397,441
160202F1.CXS,H,35,406,441
160202F2.CXS,H,16,425,441
160203B1.CXS,H,97,345,442
160203B2.CXS,H,37,405,442
160203F1.CXS,H,39,403,442
160203F2.CXS,H,19,423,442
160204B1.CXS,H,86,360,446
160204B2.CXS,H,34,412,446
160204F1.CXS,H,22,424,446
160204F2.CXS,H,19,427,446
160205B1.CXS,H,96,350,446
160205B2.CXS,H,47,399,446
160205F1.CXS,H,34,412,446
160205F2.CXS,H,18,428,446
160206B1.CXS,H,91,354,445
160206B2.CXS,H,37,408,445
160206F1.CXS,H,31,414,445
160206F2.CXS,H,13,432,445
160207B1.CXS,H,84,362,446
160207B2.CXS,H,30,416,446
160207F1.CXS,H,24,422,446
160207F2.CXS,H,17,429,446
160208B1.CXS,H,75,366,441
160208B2.CXS,H,30,411,441
160208F1.CXS,H,45,396,441
160208F2.CXS,H,27,414,441
160209B1.CXS,H,91,354,445
160209B2.CXS,H,38,407,445
160209F1.CXS,H,33,412,445
160209F2.CXS,H,20,425,445
160210B1.CXS,H,104,337,441
160210B2.CXS,H,36,405,441
160210F1.CXS,H,26,415,441
160210F2.CXS,H,18,423,441
160211B1.CXS,H,87,360,447
160211B2.CXS,H,38,409,447
160211F1.CXS,H,28,419,447
160211F2.CXS,H,16,431,447
160213B1.CXS,H,89,358,447
160213B2.CXS,H,44,403,447
160213F1.CXS,H,33,414,447
160213F2.CXS,H,16,431,447
160214B1.CXS,H,92,354,446
160214B2.CXS,H,48,398,446
160214F1.CXS,H,30,416,446
160214F2.CXS,H,15,431,446
160215B1.CXS,H,101,345,446
160215B2.CXS,H,40,406,446
160215F1.CXS,H,21,425,446
160215F2.CXS,H,14,432,446
160216B1.CXS,H,83,357,440
160216B2.CXS,H,34,406,440
160216F1.CXS,H,21,419,440
160216F2.CXS,H,13,427,440
160217B1.CXS,H,96,349,445
160217B2.CXS,H,43,402,445
160217F1.CXS,H,27,418,445
160217F2.CXS,H,22,423,445
160218B1.CXS,H,85,357,442
160218B2.CXS,H,35,407,442
160218F1.CXS,H,24,418,442
160218F2.CXS,H,17,425,442
