150222B1.CXS,X,0,441,441
150222B2.CXS,X,0,441,441
150222F1.CXS,X,0,441,441
150222F2.CXS,X,0,441,441
150223B1.CXS,X,0,82,82
150223B2.CXS,X,0,82,82
150223F1.CXS,X,0,82,82
150223F2.CXS,X,0,82,82
150224B1.CXS,X,0,446,446
150224B2.CXS,X,0,446,446
150224F1.CXS,X,0,446,446
150224F2.CXS,X,0,446,446
150225B1.CXS,X,1,442,443
150225B2.CXS,X,0,443,443
150225F1.CXS,X,0,443,443
150225F2.CXS,X,0,443,443
150226B1.CXS,X,37,404,441
150226B2.CXS,X,24,417,441
150226F1.CXS,X,2,439,441
150226F2.CXS,X,5,436,441
150227B1.CXS,X,26,421,447
150227B2.CXS,X,17,430,447
150227F1.CXS,X,2,445,447
150227F2.CXS,X,7,440,447
150228B1.CXS,X,33,409,442
150228B2.CXS,X,29,413,442
150228F1.CXS,X,4,438,442
150228F2.CXS,X,6,436,442
150301B1.CXS,X,36,407,443
150301B2.CXS,X,14,429,443
150301F1.CXS,X,1,442,443
150301F2.CXS,X,6,437,443
150302B1.CXS,X,24,422,446
150302B2.CXS,X,20,426,446
150302F1.CXS,X,0,446,446
150302F2.CXS,X,5,441,446
150303B1.CXS,X,34,410,444
150303B2.CXS,X,20,424,444
150303F1.CXS,X,1,443,444
150303F2.CXS,X,1,443,444
150304B1.CXS,X,41,403,444
150304B2.CXS,X,20,424,444
150304F1.CXS,X,0,444,444
150304F2.CXS,X,9,435,444
150305B1.CXS,X,31,413,444
150305B2.CXS,X,14,430,444
150305F1.CXS,X,4,440,444
150305F2.CXS,X,9,435,444
150306B1.CXS,X,34,412,446
150306B2.CXS,X,17,429,446
150306F1.CXS,X,0,446,446
150306F2.CXS,X,4,442,446
150307B1.CXS,X,16,426,442
150307B2.CXS,X,17,425,442
150307F1.CXS,X,0,442,442
150307F2.CXS,X,4,438,442
150308B1.CXS,X,27,419,446
150308B2.CXS,X,16,430,446
150308F1.CXS,X,0,446,446
150308F2.CXS,X,4,442,446
150309B1.CXS,X,26,363,389
150309B2.CXS,X,16,373,389
150309F1.CXS,X,0,389,389
150309F2.CXS,X,0,389,389
150310B1.CXS,X,6,41,47
150310B2.CXS,X,2,45,47
150310F1.CXS,X,1,46,47
150310F2.CXS,X,1,46,47
150311B1.CXS,X,20,424,444
150311B2.CXS,X,24,420,444
150311F1.CXS,X,0,444,444
150311F2.CXS,X,3,441,444
150312B1.CXS,X,30,416,446
150312B2.CXS,X,15,431,446
150312F1.CXS,X,0,446,446
150312F2.CXS,X,6,440,446
150313B1.CXS,X,32,414,446
150313B2.CXS,X,13,433,446
150313F1.CXS,X,1,445,446
150313F2.CXS,X,3,443,446
150314B1.CXS,X,35,411,446
150314B2.CXS,X,22,424,446
150314F1.CXS,X,0,446,446
150314F2.CXS,X,4,442,446
150315B1.CXS,X,27,415,442
150315B2.CXS,X,17,425,442
150315F1.CXS,X,0,442,442
150315F2.CXS,X,3,439,442
150316B1.CXS,X,34,411,445
150316B2.CXS,X,20,425,445
150316F1.CXS,X,0,445,445
150316F2.CXS,X,5,440,445
150317B1.CXS,X,18,414,432
150317B2.CXS,X,10,422,432
150317F1.CXS,X,0,432,432
150317F2.CXS,X,3,429,432
150318B1.CXS,X,29,410,439
150318B2.CXS,X,21,418,439
150318F1.CXS,X,1,438,439
150318F2.CXS,X,4,435,439
150319B1.CXS,X,28,415,443
150319B2.CXS,X,18,425,443
150319F1.CXS,X,0,443,443
150319F2.CXS,X,9,434,443
150320B1.CXS,X,29,413,442
150320B2.CXS,X,16,426,442
150320F1.CXS,X,0,442,442
150320F2.CXS,X,4,438,442
150321B1.CXS,X,23,422,445
150321B2.CXS,X,18,427,445
150321F1.CXS,X,0,445,445
150321F2.CXS,X,6,439,445
150322B1.CXS,X,34,412,446
150322B2.CXS,X,21,425,446
150322F1.CXS,X,1,445,446
150322F2.CXS,X,3,443,446
150323B1.CXS,X,17,425,442
150323B2.CXS,X,16,426,442
150323F1.CXS,X,0,442,442
150323F2.CXS,X,0,442,442
150324B1.CXS,X,22,422,444
150324B2.CXS,X,12,432,444
150324F1.CXS,X,0,444,444
150324F2.CXS,X,3,441,444
150325B1.CXS,X,26,417,443
150325B2.CXS,X,21,422,443
150325F1.CXS,X,0,443,443
150325F2.CXS,X,4,439,443
150326B1.CXS,X,22,412,434
150326B2.CXS,X,15,419,434
150326F1.CXS,X,0,434,434
150326F2.CXS,X,3,431,434
150327B1.CXS,X,23,423,446
150327B2.CXS,X,22,424,446
150327F1.CXS,X,3,443,446
150327F2.CXS,X,5,441,446
150328B1.CXS,X,41,405,446
150328B2.CXS,X,16,430,446
150328F1.CXS,X,1,445,446
150328F2.CXS,X,2,444,446
150329B1.CXS,X,20,421,441
150329B2.CXS,X,12,429,441
150329F1.CXS,X,0,441,441
150329F2.CXS,X,5,436,441
150330B1.CXS,X,24,414,438
150330B2.CXS,X,17,421,438
150330F1.CXS,X,0,438,438
150330F2.CXS,X,4,434,438
150331B1.CXS,X,31,414,445
150331B2.CXS,X,27,418,445
150331F1.CXS,X,0,445,445
150331F2.CXS,X,2,443,445
150401B1.CXS,X,25,415,440
150401B2.CXS,X,19,421,440
150401F1.CXS,X,0,440,440
150401F2.CXS,X,0,440,440
150402B1.CXS,X,26,415,441
150402B2.CXS,X,12,429,441
150402F1.CXS,X,0,441,441
150402F2.CXS,X,1,440,441
150403B1.CXS,X,20,420,440
150403B2.CXS,X,11,429,440
150403F1.CXS,X,1,439,440
150403F2.CXS,X,7,433,440
150404B1.CXS,X,8,434,442
150404B2.CXS,X,8,434,442
150404F1.CXS,X,0,442,442
150404F2.CXS,X,2,440,442
150405B1.CXS,X,22,421,443
150405B2.CXS,X,18,425,443
150405F1.CXS,X,2,441,443
150405F2.CXS,X,1,442,443
150406B1.CXS,X,24,414,438
150406B2.CXS,X,18,420,438
150406F1.CXS,X,0,438,438
150406F2.CXS,X,2,436,438
150407B1.CXS,X,22,423,445
150407B2.CXS,X,20,425,445
150407F1.CXS,X,0,445,445
150407F2.CXS,X,1,444,445
150408B1.CXS,X,19,423,442
150408B2.CXS,X,12,430,442
150408F1.CXS,X,0,442,442
150408F2.CXS,X,1,441,442
150409B1.CXS,X,29,395,424
150409B2.CXS,X,17,407,424
150409F1.CXS,X,0,424,424
150409F2.CXS,X,2,422,424
150410B1.CXS,X,36,400,436
150410B2.CXS,X,12,424,436
150410F1.CXS,X,1,435,436
150410F2.CXS,X,6,430,436
150411B1.CXS,X,28,410,438
150411B2.CXS,X,19,419,438
150411F1.CXS,X,4,434,438
150411F2.CXS,X,4,434,438
150412B1.CXS,X,22,420,442
150412B2.CXS,X,16,426,442
150412F1.CXS,X,1,441,442
150412F2.CXS,X,3,439,442
150413B1.CXS,X,37,409,446
150413B2.CXS,X,23,423,446
150413F1.CXS,X,0,446,446
150413F2.CXS,X,2,444,446
150414B1.CXS,X,26,419,445
150414B2.CXS,X,52,393,445
150414F1.CXS,X,2,443,445
150414F2.CXS,X,42,403,445
150415B1.CXS,X,33,409,442
150415B2.CXS,X,18,424,442
150415F1.CXS,X,0,442,442
150415F2.CXS,X,4,438,442
150416B1.CXS,X,27,414,441
150416B2.CXS,X,16,425,441
150416F1.CXS,X,0,441,441
150416F2.CXS,X,3,438,441
150417B1.CXS,X,27,264,291
150417B2.CXS,X,14,277,291
150417F1.CXS,X,3,288,291
150417F2.CXS,X,4,287,291
150418B1.CXS,X,39,407,446
150418B2.CXS,X,53,393,446
150418F1.CXS,X,2,444,446
150418F2.CXS,X,41,405,446
150419B1.CXS,X,48,392,440
150419B2.CXS,X,26,414,440
150419F1.CXS,X,2,438,440
150419F2.CXS,X,5,435,440
150420B1.CXS,X,43,384,427
150420B2.CXS,X,23,404,427
150420F1.CXS,X,7,420,427
150420F2.CXS,X,8,419,427
150421B1.CXS,X,31,314,345
150421B2.CXS,X,11,334,345
150421F1.CXS,X,4,341,345
150421F2.CXS,X,9,336,345
150423B1.CXS,X,34,378,412
150423B2.CXS,X,19,393,412
150423F1.CXS,X,9,403,412
150423F2.CXS,X,10,402,412
150424B1.CXS,X,48,387,435
150424B2.CXS,X,103,332,435
150424F1.CXS,X,6,429,435
150424F2.CXS,X,87,348,435
150425B1.CXS,X,48,396,444
150425B2.CXS,X,25,419,444
150425F1.CXS,X,5,439,444
150425F2.CXS,X,5,439,444
150426B1.CXS,X,26,416,442
150426B2.CXS,X,15,427,442
150426F1.CXS,X,5,437,442
150426F2.CXS,X,7,435,442
150427B1.CXS,X,34,408,442
150427B2.CXS,X,22,420,442
150427F1.CXS,X,7,435,442
150427F2.CXS,X,11,431,442
150428B1.CXS,X,35,409,444
150428B2.CXS,X,19,425,444
150428F1.CXS,X,4,440,444
150428F2.CXS,X,7,437,444
150429B1.CXS,X,37,275,312
150429B2.CXS,X,15,297,312
150429F1.CXS,X,1,311,312
150429F2.CXS,X,5,307,312
150430B1.CXS,X,36,327,363
150430B2.CXS,X,16,347,363
150430F1.CXS,X,2,361,363
150430F2.CXS,X,2,361,363
150501B1.CXS,X,35,408,443
150501B2.CXS,X,9,434,443
150501F1.CXS,X,0,443,443
150501F2.CXS,X,3,440,443
150502B1.CXS,X,34,411,445
150502B2.CXS,X,24,421,445
150502F1.CXS,X,0,445,445
150502F2.CXS,X,3,442,445
150503B1.CXS,X,31,412,443
150503B2.CXS,X,20,423,443
150503F1.CXS,X,1,442,443
150503F2.CXS,X,4,439,443
150504B1.CXS,X,38,408,446
150504B2.CXS,X,25,421,446
150504F1.CXS,X,2,444,446
150504F2.CXS,X,4,442,446
150505B1.CXS,X,37,403,440
150505B2.CXS,X,18,422,440
150505F1.CXS,X,2,438,440
150505F2.CXS,X,3,437,440
150506B1.CXS,X,41,401,442
150506B2.CXS,X,24,418,442
150506F1.CXS,X,1,441,442
150506F2.CXS,X,4,438,442
150507B1.CXS,X,36,403,439
150507B2.CXS,X,14,425,439
150507F1.CXS,X,1,438,439
150507F2.CXS,X,6,433,439
150508B1.CXS,X,39,406,445
150508B2.CXS,X,17,428,445
150508F1.CXS,X,1,444,445
150508F2.CXS,X,1,444,445
150509B1.CXS,X,46,397,443
150509B2.CXS,X,23,420,443
150509F1.CXS,X,0,443,443
150509F2.CXS,X,4,439,443
150510B1.CXS,X,38,404,442
150510B2.CXS,X,25,417,442
150510F1.CXS,X,0,442,442
150510F2.CXS,X,6,436,442
150511B1.CXS,X,33,412,445
150511B2.CXS,X,24,421,445
150511F1.CXS,X,1,444,445
150511F2.CXS,X,0,445,445
150512B1.CXS,X,40,393,433
150512B2.CXS,X,24,409,433
150512F1.CXS,X,0,433,433
150512F2.CXS,X,9,424,433
150513B1.CXS,X,37,404,441
150513B2.CXS,X,18,423,441
150513F1.CXS,X,0,441,441
150513F2.CXS,X,1,440,441
150514B1.CXS,X,32,409,441
150514B2.CXS,X,24,417,441
150514F1.CXS,X,1,440,441
150514F2.CXS,X,2,439,441
150515B1.CXS,X,39,399,438
150515B2.CXS,X,19,419,438
150515F1.CXS,X,1,437,438
150515F2.CXS,X,4,434,438
150516B1.CXS,X,40,406,446
150516B2.CXS,X,20,426,446
150516F1.CXS,X,8,438,446
150516F2.CXS,X,11,435,446
150517B1.CXS,X,56,389,445
150517B2.CXS,X,24,421,445
150517F1.CXS,X,7,438,445
150517F2.CXS,X,8,437,445
150518B1.CXS,X,56,388,444
150518B2.CXS,X,24,420,444
150518F1.CXS,X,6,438,444
150518F2.CXS,X,6,438,444
150519B1.CXS,X,31,405,436
150519B2.CXS,X,11,425,436
150519F1.CXS,X,2,434,436
150519F2.CXS,X,9,427,436
150520B1.CXS,X,36,407,443
150520B2.CXS,X,21,422,443
150520F1.CXS,X,1,442,443
150520F2.CXS,X,4,439,443
150521B1.CXS,X,26,327,353
150521B2.CXS,X,9,344,353
150521F1.CXS,X,1,352,353
150521F2.CXS,X,0,353,353
150522B1.CXS,X,35,406,441
150522B2.CXS,X,18,423,441
150522F1.CXS,X,0,441,441
150522F2.CXS,X,3,438,441
150523B1.CXS,X,28,418,446
150523B2.CXS,X,24,422,446
150523F1.CXS,X,0,446,446
150523F2.CXS,X,7,439,446
150524B1.CXS,X,36,406,442
150524B2.CXS,X,16,426,442
150524F1.CXS,X,0,442,442
150524F2.CXS,X,7,435,442
150525B1.CXS,X,34,407,441
150525B2.CXS,X,14,427,441
150525F1.CXS,X,2,439,441
150525F2.CXS,X,9,432,441
150526B1.CXS,X,34,405,439
150526B2.CXS,X,23,416,439
150526F1.CXS,X,1,438,439
150526F2.CXS,X,3,436,439
150527B1.CXS,X,30,412,442
150527B2.CXS,X,21,421,442
150527F1.CXS,X,1,441,442
150527F2.CXS,X,1,441,442
150528B1.CXS,X,22,421,443
150528B2.CXS,X,19,424,443
150528F1.CXS,X,0,443,443
150528F2.CXS,X,1,442,443
150529B1.CXS,X,39,407,446
150529B2.CXS,X,15,431,446
150529F1.CXS,X,0,446,446
150529F2.CXS,X,0,446,446
150530B1.CXS,X,23,423,446
150530B2.CXS,X,20,426,446
150530F1.CXS,X,0,446,446
150530F2.CXS,X,4,442,446
150531B1.CXS,X,20,423,443
150531B2.CXS,X,15,428,443
150531F1.CXS,X,0,443,443
150531F2.CXS,X,3,440,443
150601B1.CXS,X,25,416,441
150601B2.CXS,X,12,429,441
150601F1.CXS,X,0,441,441
150601F2.CXS,X,0,441,441
150602B1.CXS,X,27,419,446
150602B2.CXS,X,16,430,446
150602F1.CXS,X,0,446,446
150602F2.CXS,X,2,444,446
150603B1.CXS,X,27,400,427
150603B2.CXS,X,11,416,427
150603F1.CXS,X,0,427,427
150603F2.CXS,X,2,425,427
150604B1.CXS,X,8,367,375
150604B2.CXS,X,13,362,375
150604F1.CXS,X,0,375,375
150604F2.CXS,X,3,372,375
150605B1.CXS,X,19,428,447
150605B2.CXS,X,14,433,447
150605F1.CXS,X,0,447,447
150605F2.CXS,X,1,446,447
150606B1.CXS,X,15,429,444
150606B2.CXS,X,14,430,444
150606F1.CXS,X,0,444,444
150606F2.CXS,X,0,444,444
150607B1.CXS,X,22,423,445
150607B2.CXS,X,15,430,445
150607F1.CXS,X,0,445,445
150607F2.CXS,X,1,444,445
150608B1.CXS,X,16,429,445
150608B2.CXS,X,13,432,445
150608F1.CXS,X,0,445,445
150608F2.CXS,X,2,443,445
150609B1.CXS,X,32,413,445
150609B2.CXS,X,18,427,445
150609F1.CXS,X,0,445,445
150609F2.CXS,X,3,442,445
150610B1.CXS,X,45,361,406
150610B2.CXS,X,15,391,406
150610F1.CXS,X,2,404,406
150610F2.CXS,X,12,394,406
150611B1.CXS,X,41,404,445
150611B2.CXS,X,21,424,445
150611F1.CXS,X,4,441,445
150611F2.CXS,X,1,444,445
150612B1.CXS,X,39,405,444
150612B2.CXS,X,20,424,444
150612F1.CXS,X,0,444,444
150612F2.CXS,X,2,442,444
150613B1.CXS,X,48,398,446
150613B2.CXS,X,24,422,446
150613F1.CXS,X,1,445,446
150613F2.CXS,X,7,439,446
150614B1.CXS,X,39,407,446
150614B2.CXS,X,14,432,446
150614F1.CXS,X,1,445,446
150614F2.CXS,X,4,442,446
150615B1.CXS,X,29,414,443
150615B2.CXS,X,19,424,443
150615F1.CXS,X,2,441,443
150615F2.CXS,X,4,439,443
150616B1.CXS,X,44,394,438
150616B2.CXS,X,24,414,438
150616F1.CXS,X,2,436,438
150616F2.CXS,X,6,432,438
150617B1.CXS,X,45,387,432
150617B2.CXS,X,19,413,432
150617F1.CXS,X,2,430,432
150617F2.CXS,X,9,423,432
150618B1.CXS,X,38,406,444
150618B2.CXS,X,22,422,444
150618F1.CXS,X,0,444,444
150618F2.CXS,X,5,439,444
150619B1.CXS,X,41,403,444
150619B2.CXS,X,17,427,444
150619F1.CXS,X,0,444,444
150619F2.CXS,X,9,435,444
150620B1.CXS,X,37,409,446
150620B2.CXS,X,15,431,446
150620F1.CXS,X,4,442,446
150620F2.CXS,X,5,441,446
150621B1.CXS,X,29,417,446
150621B2.CXS,X,14,432,446
150621F1.CXS,X,1,445,446
150621F2.CXS,X,5,441,446
150622B1.CXS,X,29,416,445
150622B2.CXS,X,18,427,445
150622F1.CXS,X,0,445,445
150622F2.CXS,X,3,442,445
150623B1.CXS,X,31,412,443
150623B2.CXS,X,19,424,443
150623F1.CXS,X,0,443,443
150623F2.CXS,X,6,437,443
150624B1.CXS,X,33,411,444
150624B2.CXS,X,21,423,444
150624F1.CXS,X,0,444,444
150624F2.CXS,X,3,441,444
150625B1.CXS,X,27,412,439
150625B2.CXS,X,11,428,439
150625F1.CXS,X,0,439,439
150625F2.CXS,X,6,433,439
150626B1.CXS,X,29,414,443
150626B2.CXS,X,21,422,443
150626F1.CXS,X,0,443,443
150626F2.CXS,X,3,440,443
150627B1.CXS,X,36,410,446
150627B2.CXS,X,21,425,446
150627F1.CXS,X,0,446,446
150627F2.CXS,X,4,442,446
150628B1.CXS,X,28,417,445
150628B2.CXS,X,18,427,445
150628F1.CXS,X,0,445,445
150628F2.CXS,X,5,440,445
150629B1.CXS,X,41,403,444
150629B2.CXS,X,14,430,444
150629F1.CXS,X,0,444,444
150629F2.CXS,X,4,440,444
150630B1.CXS,X,39,403,442
150630B2.CXS,X,22,420,442
150630F1.CXS,X,0,442,442
150630F2.CXS,X,3,439,442
150701B1.CXS,X,0,438,438
150701B2.CXS,X,0,438,438
150701F1.CXS,X,0,438,438
150701F2.CXS,X,0,438,438
150702B1.CXS,X,0,443,443
150702B2.CXS,X,0,443,443
150702F1.CXS,X,0,443,443
150702F2.CXS,X,0,443,443
150703B1.CXS,X,0,445,445
150703B2.CXS,X,0,445,445
150703F1.CXS,X,0,445,445
150703F2.CXS,X,0,445,445
150704B1.CXS,X,0,446,446
150704B2.CXS,X,0,446,446
150704F1.CXS,X,0,446,446
150704F2.CXS,X,0,446,446
150705B1.CXS,X,6,418,424
150705B2.CXS,X,0,424,424
150705F1.CXS,X,0,424,424
150705F2.CXS,X,0,424,424
150706B1.CXS,X,8,413,421
150706B2.CXS,X,8,413,421
150706F1.CXS,X,0,421,421
150706F2.CXS,X,0,421,421
150707B1.CXS,X,35,406,441
150707B2.CXS,X,16,425,441
150707F1.CXS,X,0,441,441
150707F2.CXS,X,4,437,441
150708B1.CXS,X,28,410,438
150708B2.CXS,X,14,424,438
150708F1.CXS,X,0,438,438
150708F2.CXS,X,5,433,438
150709B1.CXS,X,34,410,444
150709B2.CXS,X,14,430,444
150709F1.CXS,X,1,443,444
150709F2.CXS,X,7,437,444
150710B1.CXS,X,28,402,430
150710B2.CXS,X,11,419,430
150710F1.CXS,X,0,430,430
150710F2.CXS,X,4,426,430
150712B1.CXS,X,32,409,441
150712B2.CXS,X,22,419,441
150712F1.CXS,X,0,441,441
150712F2.CXS,X,3,438,441
150713B1.CXS,X,37,409,446
150713B2.CXS,X,18,428,446
150713F1.CXS,X,0,446,446
150713F2.CXS,X,6,440,446
150714B1.CXS,X,33,412,445
150714B2.CXS,X,13,432,445
150714F1.CXS,X,0,445,445
150714F2.CXS,X,5,440,445
150715B1.CXS,X,29,415,444
150715B2.CXS,X,13,431,444
150715F1.CXS,X,3,441,444
150715F2.CXS,X,5,439,444
150716B1.CXS,X,41,402,443
150716B2.CXS,X,17,426,443
150716F1.CXS,X,0,443,443
150716F2.CXS,X,6,437,443
150717B1.CXS,X,35,367,402
150717B2.CXS,X,20,382,402
150717F1.CXS,X,0,402,402
150717F2.CXS,X,6,396,402
150721B1.CXS,X,30,348,378
150721B2.CXS,X,17,361,378
150721F1.CXS,X,1,377,378
150721F2.CXS,X,1,377,378
150722B1.CXS,X,33,412,445
150722B2.CXS,X,20,425,445
150722F1.CXS,X,0,445,445
150722F2.CXS,X,5,440,445
150723B1.CXS,X,30,415,445
150723B2.CXS,X,9,436,445
150723F1.CXS,X,1,444,445
150723F2.CXS,X,4,441,445
150724B1.CXS,X,34,409,443
150724B2.CXS,X,18,425,443
150724F1.CXS,X,1,442,443
150724F2.CXS,X,3,440,443
150725B1.CXS,X,20,421,441
150725B2.CXS,X,10,431,441
150725F1.CXS,X,1,440,441
150725F2.CXS,X,1,440,441
150726B1.CXS,X,33,412,445
150726B2.CXS,X,16,429,445
150726F1.CXS,X,2,443,445
150726F2.CXS,X,1,444,445
150727B1.CXS,X,38,407,445
150727B2.CXS,X,25,420,445
150727F1.CXS,X,0,445,445
150727F2.CXS,X,4,441,445
150728B1.CXS,X,32,414,446
150728B2.CXS,X,11,435,446
150728F1.CXS,X,0,446,446
150728F2.CXS,X,8,438,446
150729B1.CXS,X,30,415,445
150729B2.CXS,X,19,426,445
150729F1.CXS,X,0,445,445
150729F2.CXS,X,2,443,445
150730B1.CXS,X,25,420,445
150730B2.CXS,X,30,415,445
150730F1.CXS,X,0,445,445
150730F2.CXS,X,7,438,445
150731B1.CXS,X,14,427,441
150731B2.CXS,X,6,435,441
150731F1.CXS,X,0,441,441
150731F2.CXS,X,1,440,441
150801B1.CXS,X,33,411,444
150801B2.CXS,X,15,429,444
150801F1.CXS,X,0,444,444
150801F2.CXS,X,6,438,444
150802B1.CXS,X,36,409,445
150802B2.CXS,X,15,430,445
150802F1.CXS,X,0,445,445
150802F2.CXS,X,4,441,445
150803B1.CXS,X,36,404,440
150803B2.CXS,X,17,423,440
150803F1.CXS,X,2,438,440
150803F2.CXS,X,7,433,440
150804B1.CXS,X,20,425,445
150804B2.CXS,X,15,430,445
150804F1.CXS,X,0,445,445
150804F2.CXS,X,5,440,445
150805B1.CXS,X,10,431,441
150805B2.CXS,X,2,439,441
150805F1.CXS,X,0,441,441
150805F2.CXS,X,0,441,441
150806B1.CXS,X,32,414,446
150806B2.CXS,X,15,431,446
150806F1.CXS,X,0,446,446
150806F2.CXS,X,2,444,446
150807B1.CXS,X,37,400,437
150807B2.CXS,X,17,420,437
150807F1.CXS,X,5,432,437
150807F2.CXS,X,0,437,437
150808B1.CXS,X,39,401,440
150808B2.CXS,X,16,424,440
150808F1.CXS,X,3,437,440
150808F2.CXS,X,4,436,440
150809B1.CXS,X,38,393,431
150809B2.CXS,X,21,410,431
150809F1.CXS,X,1,430,431
150809F2.CXS,X,6,425,431
150810B1.CXS,X,35,403,438
150810B2.CXS,X,18,420,438
150810F1.CXS,X,0,438,438
150810F2.CXS,X,4,434,438
150811B1.CXS,X,28,408,436
150811B2.CXS,X,24,412,436
150811F1.CXS,X,1,435,436
150811F2.CXS,X,4,432,436
150812B1.CXS,X,8,431,439
150812B2.CXS,X,6,433,439
150812F1.CXS,X,1,438,439
150812F2.CXS,X,1,438,439
150813B1.CXS,X,37,408,445
150813B2.CXS,X,23,422,445
150813F1.CXS,X,0,445,445
150813F2.CXS,X,5,440,445
150814B1.CXS,X,30,415,445
150814B2.CXS,X,10,435,445
150814F1.CXS,X,0,445,445
150814F2.CXS,X,3,442,445
150815B1.CXS,X,27,413,440
150815B2.CXS,X,5,435,440
150815F1.CXS,X,0,440,440
150815F2.CXS,X,0,440,440
150816B1.CXS,X,27,417,444
150816B2.CXS,X,20,424,444
150816F1.CXS,X,1,443,444
150816F2.CXS,X,3,441,444
150817B1.CXS,X,20,420,440
150817B2.CXS,X,11,429,440
150817F1.CXS,X,1,439,440
150817F2.CXS,X,3,437,440
150818B1.CXS,X,33,405,438
150818B2.CXS,X,18,420,438
150818F1.CXS,X,0,438,438
150818F2.CXS,X,1,437,438
150819B1.CXS,X,35,409,444
150819B2.CXS,X,14,430,444
150819F1.CXS,X,0,444,444
150819F2.CXS,X,4,440,444
150820B1.CXS,X,33,414,447
150820B2.CXS,X,12,435,447
150820F1.CXS,X,1,446,447
150820F2.CXS,X,5,442,447
150821B1.CXS,X,39,404,443
150821B2.CXS,X,13,430,443
150821F1.CXS,X,0,443,443
150821F2.CXS,X,6,437,443
150822B1.CXS,X,43,401,444
150822B2.CXS,X,22,422,444
150822F1.CXS,X,0,444,444
150822F2.CXS,X,6,438,444
150823B1.CXS,X,34,412,446
150823B2.CXS,X,12,434,446
150823F1.CXS,X,1,445,446
150823F2.CXS,X,6,440,446
150824B1.CXS,X,33,406,439
150824B2.CXS,X,15,424,439
150824F1.CXS,X,0,439,439
150824F2.CXS,X,3,436,439
150825B1.CXS,X,36,404,440
150825B2.CXS,X,22,418,440
150825F1.CXS,X,0,440,440
150825F2.CXS,X,0,440,440
150826B1.CXS,X,45,400,445
150826B2.CXS,X,24,421,445
150826F1.CXS,X,4,441,445
150826F2.CXS,X,8,437,445
150827B1.CXS,X,43,402,445
150827B2.CXS,X,18,427,445
150827F1.CXS,X,0,445,445
150827F2.CXS,X,4,441,445
150828B1.CXS,X,22,422,444
150828B2.CXS,X,19,425,444
150828F1.CXS,X,3,441,444
150828F2.CXS,X,6,438,444
150829B1.CXS,X,35,410,445
150829B2.CXS,X,20,425,445
150829F1.CXS,X,1,444,445
150829F2.CXS,X,6,439,445
150830B1.CXS,X,34,411,445
150830B2.CXS,X,21,424,445
150830F1.CXS,X,0,445,445
150830F2.CXS,X,7,438,445
150831B1.CXS,X,41,395,436
150831B2.CXS,X,11,425,436
150831F1.CXS,X,1,435,436
150831F2.CXS,X,7,429,436
150901B1.CXS,X,33,406,439
150901B2.CXS,X,22,417,439
150901F1.CXS,X,2,437,439
150901F2.CXS,X,4,435,439
150902B1.CXS,X,34,404,438
150902B2.CXS,X,22,416,438
150902F1.CXS,X,6,432,438
150902F2.CXS,X,5,433,438
150903B1.CXS,X,47,399,446
150903B2.CXS,X,14,432,446
150903F1.CXS,X,2,444,446
150903F2.CXS,X,6,440,446
150904B1.CXS,X,45,400,445
150904B2.CXS,X,20,425,445
150904F1.CXS,X,2,443,445
150904F2.CXS,X,4,441,445
150905B1.CXS,X,40,405,445
150905B2.CXS,X,14,431,445
150905F1.CXS,X,0,445,445
150905F2.CXS,X,6,439,445
150906B1.CXS,X,41,404,445
150906B2.CXS,X,20,425,445
150906F1.CXS,X,6,439,445
150906F2.CXS,X,11,434,445
150907B1.CXS,X,55,383,438
150907B2.CXS,X,18,420,438
150907F1.CXS,X,5,433,438
150907F2.CXS,X,12,426,438
150908B1.CXS,X,49,396,445
150908B2.CXS,X,31,414,445
150908F1.CXS,X,5,440,445
150908F2.CXS,X,8,437,445
150909B1.CXS,X,40,403,443
150909B2.CXS,X,15,428,443
150909F1.CXS,X,2,441,443
150909F2.CXS,X,6,437,443
150910B1.CXS,X,38,405,443
150910B2.CXS,X,22,421,443
150910F1.CXS,X,8,435,443
150910F2.CXS,X,9,434,443
150911B1.CXS,X,34,411,445
150911B2.CXS,X,29,416,445
150911F1.CXS,X,0,445,445
150911F2.CXS,X,3,442,445
150912B1.CXS,X,28,416,444
150912B2.CXS,X,20,424,444
150912F1.CXS,X,1,443,444
150912F2.CXS,X,1,443,444
150913B1.CXS,X,39,406,445
150913B2.CXS,X,17,428,445
150913F1.CXS,X,1,444,445
150913F2.CXS,X,7,438,445
150914B1.CXS,X,44,399,443
150914B2.CXS,X,16,427,443
150914F1.CXS,X,3,440,443
150914F2.CXS,X,5,438,443
150915B1.CXS,X,39,403,442
150915B2.CXS,X,21,421,442
150915F1.CXS,X,1,441,442
150915F2.CXS,X,6,436,442
150916B1.CXS,X,44,397,441
150916B2.CXS,X,14,427,441
150916F1.CXS,X,3,438,441
150916F2.CXS,X,6,435,441
150917B1.CXS,X,35,411,446
150917B2.CXS,X,25,421,446
150917F1.CXS,X,1,445,446
150917F2.CXS,X,6,440,446
150918B1.CXS,X,49,395,444
150918B2.CXS,X,15,429,444
150918F1.CXS,X,2,442,444
150918F2.CXS,X,4,440,444
150919B1.CXS,X,34,387,421
150919B2.CXS,X,21,400,421
150919F1.CXS,X,5,416,421
150919F2.CXS,X,2,419,421
150920B1.CXS,X,39,405,444
150920B2.CXS,X,21,423,444
150920F1.CXS,X,1,443,444
150920F2.CXS,X,7,437,444
150921B1.CXS,X,37,402,439
150921B2.CXS,X,15,424,439
150921F1.CXS,X,3,436,439
150921F2.CXS,X,2,437,439
150922B1.CXS,X,25,412,437
150922B2.CXS,X,19,418,437
150922F1.CXS,X,3,434,437
150922F2.CXS,X,11,426,437
150923B1.CXS,X,35,407,442
150923B2.CXS,X,11,431,442
150923F1.CXS,X,1,441,442
150923F2.CXS,X,7,435,442
150924B1.CXS,X,38,408,446
150924B2.CXS,X,24,422,446
150924F1.CXS,X,2,444,446
150924F2.CXS,X,8,438,446
150925B1.CXS,X,50,395,445
150925B2.CXS,X,24,421,445
150925F1.CXS,X,4,441,445
150925F2.CXS,X,3,442,445
150926B1.CXS,X,55,385,440
150926B2.CXS,X,23,417,440
150926F1.CXS,X,3,437,440
150926F2.CXS,X,5,435,440
150927B1.CXS,X,48,397,445
150927B2.CXS,X,16,429,445
150927F1.CXS,X,3,442,445
150927F2.CXS,X,7,438,445
150928B1.CXS,X,41,402,443
150928B2.CXS,X,14,429,443
150928F1.CXS,X,3,440,443
150928F2.CXS,X,4,439,443
150929B1.CXS,X,45,399,444
150929B2.CXS,X,14,430,444
150929F1.CXS,X,2,442,444
150929F2.CXS,X,10,434,444
150930B1.CXS,X,32,413,445
150930B2.CXS,X,12,433,445
150930F1.CXS,X,1,444,445
150930F2.CXS,X,5,440,445
151001B1.CXS,X,33,402,435
151001B2.CXS,X,22,413,435
151001F1.CXS,X,1,434,435
151001F2.CXS,X,3,432,435
151002B1.CXS,X,41,405,446
151002B2.CXS,X,18,428,446
151002F1.CXS,X,1,445,446
151002F2.CXS,X,3,443,446
151003B1.CXS,X,40,405,445
151003B2.CXS,X,16,429,445
151003F1.CXS,X,2,443,445
151003F2.CXS,X,11,434,445
151004B1.CXS,X,36,406,442
151004B2.CXS,X,27,415,442
151004F1.CXS,X,0,442,442
151004F2.CXS,X,10,432,442
151005B1.CXS,X,8,432,440
151005B2.CXS,X,3,437,440
151005F1.CXS,X,0,440,440
151005F2.CXS,X,1,439,440
151006B1.CXS,X,9,435,444
151006B2.CXS,X,3,441,444
151006F1.CXS,X,0,444,444
151006F2.CXS,X,2,442,444
151007B1.CXS,X,42,403,445
151007B2.CXS,X,23,422,445
151007F1.CXS,X,3,442,445
151007F2.CXS,X,3,442,445
151008B1.CXS,X,47,398,445
151008B2.CXS,X,22,423,445
151008F1.CXS,X,2,443,445
151008F2.CXS,X,5,440,445
151009B1.CXS,X,43,402,445
151009B2.CXS,X,26,419,445
151009F1.CXS,X,0,445,445
151009F2.CXS,X,9,436,445
151010B1.CXS,X,44,401,445
151010B2.CXS,X,23,422,445
151010F1.CXS,X,1,444,445
151010F2.CXS,X,11,434,445
151011B1.CXS,X,45,397,442
151011B2.CXS,X,30,412,442
151011F1.CXS,X,4,438,442
151011F2.CXS,X,4,438,442
151012B1.CXS,X,49,395,444
151012B2.CXS,X,26,418,444
151012F1.CXS,X,3,441,444
151012F2.CXS,X,10,434,444
151013B1.CXS,X,46,399,445
151013B2.CXS,X,25,420,445
151013F1.CXS,X,1,444,445
151013F2.CXS,X,4,441,445
151014B1.CXS,X,44,399,443
151014B2.CXS,X,28,415,443
151014F1.CXS,X,7,436,443
151014F2.CXS,X,7,436,443
151015B1.CXS,X,50,387,437
151015B2.CXS,X,24,413,437
151015F1.CXS,X,3,434,437
151015F2.CXS,X,6,431,437
151016B1.CXS,X,41,399,440
151016B2.CXS,X,19,421,440
151016F1.CXS,X,1,439,440
151016F2.CXS,X,4,436,440
151017B1.CXS,X,43,402,445
151017B2.CXS,X,20,425,445
151017F1.CXS,X,1,444,445
151017F2.CXS,X,2,443,445
151018B1.CXS,X,38,404,442
151018B2.CXS,X,23,419,442
151018F1.CXS,X,3,439,442
151018F2.CXS,X,5,437,442
151019B1.CXS,X,46,390,436
151019B2.CXS,X,23,413,436
151019F1.CXS,X,2,434,436
151019F2.CXS,X,10,426,436
151020B1.CXS,X,58,379,437
151020B2.CXS,X,26,411,437
151020F1.CXS,X,1,436,437
151020F2.CXS,X,9,428,437
151021B1.CXS,X,46,399,445
151021B2.CXS,X,22,423,445
151021F1.CXS,X,3,442,445
151021F2.CXS,X,6,439,445
151022B1.CXS,X,46,399,445
151022B2.CXS,X,25,420,445
151022F1.CXS,X,2,443,445
151022F2.CXS,X,8,437,445
151023B1.CXS,X,60,382,442
151023B2.CXS,X,27,415,442
151023F1.CXS,X,2,440,442
151023F2.CXS,X,4,438,442
151024B1.CXS,X,51,395,446
151024B2.CXS,X,21,425,446
151024F1.CXS,X,3,443,446
151024F2.CXS,X,3,443,446
151025B1.CXS,X,19,421,440
151025B2.CXS,X,12,428,440
151025F1.CXS,X,1,439,440
151025F2.CXS,X,1,439,440
151026B1.CXS,X,61,384,445
151026B2.CXS,X,34,411,445
151026F1.CXS,X,3,442,445
151026F2.CXS,X,6,439,445
151027B1.CXS,X,42,399,441
151027B2.CXS,X,19,422,441
151027F1.CXS,X,2,439,441
151027F2.CXS,X,7,434,441
151028B1.CXS,X,43,400,443
151028B2.CXS,X,28,415,443
151028F1.CXS,X,7,436,443
151028F2.CXS,X,4,439,443
151029B1.CXS,X,43,403,446
151029B2.CXS,X,29,417,446
151029F1.CXS,X,4,442,446
151029F2.CXS,X,12,434,446
151030B1.CXS,X,50,395,445
151030B2.CXS,X,20,425,445
151030F1.CXS,X,4,441,445
151030F2.CXS,X,8,437,445
151031B1.CXS,X,45,399,444
151031B2.CXS,X,31,413,444
151031F1.CXS,X,2,442,444
151031F2.CXS,X,9,435,444
151101B1.CXS,X,54,390,444
151101B2.CXS,X,28,416,444
151101F1.CXS,X,4,440,444
151101F2.CXS,X,10,434,444
151102B1.CXS,X,48,396,444
151102B2.CXS,X,19,425,444
151102F1.CXS,X,5,439,444
151102F2.CXS,X,6,438,444
151103B1.CXS,X,45,399,444
151103B2.CXS,X,29,415,444
151103F1.CXS,X,5,439,444
151103F2.CXS,X,6,438,444
151104B1.CXS,X,67,373,440
151104B2.CXS,X,23,417,440
151104F1.CXS,X,10,430,440
151104F2.CXS,X,10,430,440
151105B1.CXS,X,65,381,446
151105B2.CXS,X,36,410,446
151105F1.CXS,X,10,436,446
151105F2.CXS,X,13,433,446
151106B1.CXS,X,35,410,445
151106B2.CXS,X,24,421,445
151106F1.CXS,X,6,439,445
151106F2.CXS,X,8,437,445
151107B1.CXS,X,32,413,445
151107B2.CXS,X,16,429,445
151107F1.CXS,X,11,434,445
151107F2.CXS,X,7,438,445
151108B1.CXS,X,46,400,446
151108B2.CXS,X,19,427,446
151108F1.CXS,X,2,444,446
151108F2.CXS,X,6,440,446
151109B1.CXS,X,52,394,446
151109B2.CXS,X,28,418,446
151109F1.CXS,X,1,445,446
151109F2.CXS,X,9,437,446
151110B1.CXS,X,45,401,446
151110B2.CXS,X,23,423,446
151110F1.CXS,X,5,441,446
151110F2.CXS,X,6,440,446
151111B1.CXS,X,43,401,444
151111B2.CXS,X,31,413,444
151111F1.CXS,X,7,437,444
151111F2.CXS,X,5,439,444
151112B1.CXS,X,47,400,447
151112B2.CXS,X,27,420,447
151112F1.CXS,X,7,440,447
151112F2.CXS,X,7,440,447
151113B1.CXS,X,43,403,446
151113B2.CXS,X,25,421,446
151113F1.CXS,X,6,440,446
151113F2.CXS,X,14,432,446
151114B1.CXS,X,43,402,445
151114B2.CXS,X,20,425,445
151114F1.CXS,X,6,439,445
151114F2.CXS,X,9,436,445
151115B1.CXS,X,48,395,443
151115B2.CXS,X,23,420,443
151115F1.CXS,X,9,434,443
151115F2.CXS,X,6,437,443
151116B1.CXS,X,45,372,417
151116B2.CXS,X,18,399,417
151116F1.CXS,X,8,409,417
151116F2.CXS,X,8,409,417
151117B1.CXS,X,49,250,299
151117B2.CXS,X,17,282,299
151117F1.CXS,X,9,290,299
151117F2.CXS,X,11,288,299
151118B1.CXS,X,61,381,442
151118B2.CXS,X,21,421,442
151118F1.CXS,X,9,433,442
151118F2.CXS,X,9,433,442
151119B1.CXS,X,55,391,446
151119B2.CXS,X,29,417,446
151119F1.CXS,X,8,438,446
151119F2.CXS,X,11,435,446
151120B1.CXS,X,61,373,434
151120B2.CXS,X,23,411,434
151120F1.CXS,X,14,420,434
151120F2.CXS,X,15,419,434
151121B1.CXS,X,78,348,426
151121B2.CXS,X,26,400,426
151121F1.CXS,X,28,398,426
151121F2.CXS,X,21,405,426
151122B1.CXS,X,106,336,442
151122B2.CXS,X,43,399,442
151122F1.CXS,X,31,411,442
151122F2.CXS,X,13,429,442
151123B1.CXS,X,54,390,444
151123B2.CXS,X,28,416,444
151123F1.CXS,X,15,429,444
151123F2.CXS,X,9,435,444
151124B1.CXS,X,61,385,446
151124B2.CXS,X,20,426,446
151124F1.CXS,X,20,426,446
151124F2.CXS,X,15,431,446
151125B1.CXS,X,68,376,444
151125B2.CXS,X,14,430,444
151125F1.CXS,X,17,427,444
151125F2.CXS,X,12,432,444
151126B1.CXS,X,67,378,445
151126B2.CXS,X,21,424,445
151126F1.CXS,X,19,426,445
151126F2.CXS,X,14,431,445
151127B1.CXS,X,62,355,417
151127B2.CXS,X,26,391,417
151127F1.CXS,X,24,393,417
151127F2.CXS,X,11,406,417
151128B1.CXS,X,88,357,445
151128B2.CXS,X,40,405,445
151128F1.CXS,X,37,408,445
151128F2.CXS,X,25,420,445
151129B1.CXS,X,84,357,441
151129B2.CXS,X,34,407,441
151129F1.CXS,X,28,413,441
151129F2.CXS,X,23,418,441
151130B1.CXS,X,100,339,439
151130B2.CXS,X,41,398,439
151130F1.CXS,X,45,394,439
151130F2.CXS,X,18,421,439
151201B1.CXS,X,98,343,441
151201B2.CXS,X,44,397,441
151201F1.CXS,X,34,407,441
151201F2.CXS,X,16,425,441
151202B1.CXS,X,99,338,437
151202B2.CXS,X,41,396,437
151202F1.CXS,X,34,403,437
151202F2.CXS,X,18,419,437
151203B1.CXS,X,76,354,430
151203B2.CXS,X,36,394,430
151203F1.CXS,X,15,415,430
151203F2.CXS,X,11,419,430
151204B1.CXS,X,50,390,440
151204B2.CXS,X,29,411,440
151204F1.CXS,X,13,427,440
151204F2.CXS,X,9,431,440
151205B1.CXS,X,75,371,446
151205B2.CXS,X,19,427,446
151205F1.CXS,X,21,425,446
151205F2.CXS,X,13,433,446
151206B1.CXS,X,65,378,443
151206B2.CXS,X,26,417,443
151206F1.CXS,X,18,425,443
151206F2.CXS,X,12,431,443
151207B1.CXS,X,71,371,442
151207B2.CXS,X,38,404,442
151207F1.CXS,X,17,425,442
151207F2.CXS,X,5,437,442
151208B1.CXS,X,67,372,439
151208B2.CXS,X,29,410,439
151208F1.CXS,X,14,425,439
151208F2.CXS,X,6,433,439
151209B1.CXS,X,53,388,441
151209B2.CXS,X,23,418,441
151209F1.CXS,X,18,423,441
151209F2.CXS,X,16,425,441
151210B1.CXS,X,59,384,443
151210B2.CXS,X,21,422,443
151210F1.CXS,X,17,426,443
151210F2.CXS,X,16,427,443
151211B1.CXS,X,59,386,445
151211B2.CXS,X,21,424,445
151211F1.CXS,X,17,428,445
151211F2.CXS,X,11,434,445
151212B1.CXS,X,64,380,444
151212B2.CXS,X,27,417,444
151212F1.CXS,X,19,425,444
151212F2.CXS,X,10,434,444
151213B1.CXS,X,71,370,441
151213B2.CXS,X,38,403,441
151213F1.CXS,X,18,423,441
151213F2.CXS,X,14,427,441
151214B1.CXS,X,68,373,441
151214B2.CXS,X,33,408,441
151214F1.CXS,X,8,433,441
151214F2.CXS,X,13,428,441
151216B1.CXS,X,59,385,444
151216B2.CXS,X,20,424,444
151216F1.CXS,X,16,428,444
151216F2.CXS,X,13,431,444
151217B1.CXS,X,51,395,446
151217B2.CXS,X,27,419,446
151217F1.CXS,X,7,439,446
151217F2.CXS,X,8,438,446
151218B1.CXS,X,61,383,444
151218B2.CXS,X,23,421,444
151218F1.CXS,X,13,431,444
151218F2.CXS,X,11,433,444
151219B1.CXS,X,61,385,446
151219B2.CXS,X,25,421,446
151219F1.CXS,X,8,438,446
151219F2.CXS,X,10,436,446
151220B1.CXS,X,54,392,446
151220B2.CXS,X,28,418,446
151220F1.CXS,X,21,425,446
151220F2.CXS,X,20,426,446
151221B1.CXS,X,64,366,430
151221B2.CXS,X,13,417,430
151221F1.CXS,X,17,413,430
151221F2.CXS,X,11,419,430
151222B1.CXS,X,87,358,445
151222B2.CXS,X,42,403,445
151222F1.CXS,X,23,422,445
151222F2.CXS,X,19,426,445
151223B1.CXS,X,74,366,440
151223B2.CXS,X,29,411,440
151223F1.CXS,X,16,424,440
151223F2.CXS,X,15,425,440
151224B1.CXS,X,83,362,445
151224B2.CXS,X,43,402,445
151224F1.CXS,X,21,424,445
151224F2.CXS,X,11,434,445
151225B1.CXS,X,89,355,444
151225B2.CXS,X,38,406,444
151225F1.CXS,X,22,422,444
151225F2.CXS,X,15,429,444
151226B1.CXS,X,81,358,439
151226B2.CXS,X,25,414,439
151226F1.CXS,X,21,418,439
151226F2.CXS,X,12,427,439
151227B1.CXS,X,78,364,442
151227B2.CXS,X,32,410,442
151227F1.CXS,X,23,419,442
151227F2.CXS,X,22,420,442
151228B1.CXS,X,14,42,56
151228B2.CXS,X,5,51,56
151228F1.CXS,X,2,54,56
151228F2.CXS,X,1,55,56
151231B1.CXS,X,35,1,36
151231B2.CXS,X,16,20,36
151231F1.CXS,X,35,1,36
151231F2.CXS,X,15,21,36
160101B1.CXS,X,99,3,102
160101B2.CXS,X,65,37,102
160101F1.CXS,X,101,1,102
160101F2.CXS,X,61,41,102
160103B1.CXS,X,102,0,102
160103B2.CXS,X,53,49,102
160103F1.CXS,X,99,3,102
160103F2.CXS,X,53,49,102
160104B1.CXS,X,94,116,210
160104B2.CXS,X,46,164,210
160104F1.CXS,X,80,130,210
160104F2.CXS,X,46,164,210
160105B1.CXS,X,101,340,441
160105B2.CXS,X,31,410,441
160105F1.CXS,X,42,399,441
160105F2.CXS,X,17,424,441
160106B1.CXS,X,85,359,444
160106B2.CXS,X,35,409,444
160106F1.CXS,X,33,411,444
160106F2.CXS,X,21,423,444
160107B1.CXS,X,72,370,442
160107B2.CXS,X,21,421,442
160107F1.CXS,X,45,397,442
160107F2.CXS,X,24,418,442
160108B1.CXS,X,91,353,444
160108B2.CXS,X,25,419,444
160108F1.CXS,X,51,393,444
160108F2.CXS,X,23,421,444
160109B1.CXS,X,84,361,445
160109B2.CXS,X,39,406,445
160109F1.CXS,X,35,410,445
160109F2.CXS,X,14,431,445
160110B1.CXS,X,80,364,444
160110B2.CXS,X,30,414,444
160110F1.CXS,X,33,411,444
160110F2.CXS,X,22,422,444
160111B1.CXS,X,85,357,442
160111B2.CXS,X,23,419,442
160111F1.CXS,X,34,408,442
160111F2.CXS,X,13,429,442
160112B1.CXS,X,73,371,444
160112B2.CXS,X,32,412,444
160112F1.CXS,X,42,402,444
160112F2.CXS,X,23,421,444
160113B1.CXS,X,80,359,439
160113B2.CXS,X,30,409,439
160113F1.CXS,X,44,395,439
160113F2.CXS,X,14,425,439
160114B1.CXS,X,59,246,305
160114B2.CXS,X,29,276,305
160114F1.CXS,X,20,285,305
160114F2.CXS,X,9,296,305
160115B1.CXS,X,79,367,446
160115B2.CXS,X,29,417,446
160115F1.CXS,X,32,414,446
160115F2.CXS,X,21,425,446
160116B1.CXS,X,104,335,439
160116B2.CXS,X,39,400,439
160116F1.CXS,X,22,417,439
160116F2.CXS,X,10,429,439
160117B1.CXS,X,99,346,445
160117B2.CXS,X,29,416,445
160117F1.CXS,X,36,409,445
160117F2.CXS,X,27,418,445
160118B1.CXS,X,95,351,446
160118B2.CXS,X,38,408,446
160118F1.CXS,X,40,406,446
160118F2.CXS,X,17,429,446
160119B1.CXS,X,103,338,441
160119B2.CXS,X,38,403,441
160119F1.CXS,X,28,413,441
160119F2.CXS,X,23,418,441
160120B1.CXS,X,95,350,445
160120B2.CXS,X,32,413,445
160120F1.CXS,X,40,405,445
160120F2.CXS,X,17,428,445
160121B1.CXS,X,93,351,444
160121B2.CXS,X,39,405,444
160121F1.CXS,X,26,418,444
160121F2.CXS,X,15,429,444
160122B1.CXS,X,91,354,445
160122B2.CXS,X,30,415,445
160122F1.CXS,X,39,406,445
160122F2.CXS,X,28,417,445
160123B1.CXS,X,79,366,445
160123B2.CXS,X,41,404,445
160123F1.CXS,X,40,405,445
160123F2.CXS,X,27,418,445
160124B1.CXS,X,89,352,441
160124B2.CXS,X,28,413,441
160124F1.CXS,X,26,415,441
160124F2.CXS,X,20,421,441
160125B1.CXS,X,93,352,445
160125B2.CXS,X,30,415,445
160125F1.CXS,X,36,409,445
160125F2.CXS,X,24,421,445
160126B1.CXS,X,109,337,446
160126B2.CXS,X,42,404,446
160126F1.CXS,X,29,417,446
160126F2.CXS,X,19,427,446
160127B1.CXS,X,110,323,433
160127B2.CXS,X,36,397,433
160127F1.CXS,X,29,404,433
160127F2.CXS,X,16,417,433
160128B1.CXS,X,96,350,446
160128B2.CXS,X,32,414,446
160128F1.CXS,X,27,419,446
160128F2.CXS,X,14,432,446
160129B1.CXS,X,95,350,445
160129B2.CXS,X,36,409,445
160129F1.CXS,X,14,431,445
160129F2.CXS,X,10,435,445
160130B1.CXS,X,80,359,439
160130B2.CXS,X,33,406,439
160130F1.CXS,X,16,423,439
160130F2.CXS,X,16,423,439
160201B1.CXS,X,100,336,436
160201B2.CXS,X,39,397,436
160201F1.CXS,X,23,413,436
160201F2.CXS,X,18,418,436
160202B1.CXS,X,79,362,441
160202B2.CXS,X,36,405,441
160202F1.CXS,X,33,408,441
160202F2.CXS,X,17,424,441
160203B1.CXS,X,88,352,440
160203B2.CXS,X,34,406,440
160203F1.CXS,X,39,401,440
160203F2.CXS,X,21,419,440
160204B1.CXS,X,108,337,445
160204B2.CXS,X,35,410,445
160204F1.CXS,X,29,416,445
160204F2.CXS,X,13,432,445
160205B1.CXS,X,85,360,445
160205B2.CXS,X,26,419,445
160205F1.CXS,X,29,416,445
160205F2.CXS,X,15,430,445
160206B1.CXS,X,90,353,443
160206B2.CXS,X,34,409,443
160206F1.CXS,X,21,422,443
160206F2.CXS,X,17,426,443
160207B1.CXS,X,110,336,446
160207B2.CXS,X,41,405,446
160207F1.CXS,X,30,416,446
160207F2.CXS,X,16,430,446
160208B1.CXS,X,112,329,441
160208B2.CXS,X,32,409,441
160208F1.CXS,X,33,408,441
160208F2.CXS,X,21,420,441
160209B1.CXS,X,89,354,443
160209B2.CXS,X,34,409,443
160209F1.CXS,X,35,408,443
160209F2.CXS,X,26,417,443
160210B1.CXS,X,97,343,440
160210B2.CXS,X,29,411,440
160210F1.CXS,X,26,414,440
160210F2.CXS,X,10,430,440
160211B1.CXS,X,83,363,446
160211B2.CXS,X,35,411,446
160211F1.CXS,X,29,417,446
160211F2.CXS,X,14,432,446
160213B1.CXS,X,107,339,446
160213B2.CXS,X,40,406,446
160213F1.CXS,X,19,427,446
160213F2.CXS,X,19,427,446
160214B1.CXS,X,93,352,445
160214B2.CXS,X,30,415,445
160214F1.CXS,X,32,413,445
160214F2.CXS,X,19,426,445
160215B1.CXS,X,91,355,446
160215B2.CXS,X,36,410,446
160215F1.CXS,X,25,421,446
160215F2.CXS,X,9,437,446
160216B1.CXS,X,89,352,441
160216B2.CXS,X,40,401,441
160216F1.CXS,X,19,422,441
160216F2.CXS,X,12,429,441
160217B1.CXS,X,89,356,445
160217B2.CXS,X,43,402,445
160217F1.CXS,X,16,429,445
160217F2.CXS,X,19,426,445
160218B1.CXS,X,89,353,442
160218B2.CXS,X,39,403,442
160218F1.CXS,X,23,419,442
160218F2.CXS,X,16,426,442
